site_id,time_utc,latitude,longitude,ALLSKY_SFC_SW_DWN,T2M,WS10M,WS50M,RH2M,PRECTOTCORR
berbera,20010101,10.44,45.01,5.9731,22.99,5.04,5.87,61.63,0.01
berbera,20010102,10.44,45.01,6.1301,23.15,5.13,6.01,65.72,0.0
berbera,20010103,10.44,45.01,5.8694,23.35,4.52,5.17,68.77,0.0
berbera,20010104,10.44,45.01,5.5932,23.09,3.85,4.37,73.79,0.0
berbera,20010105,10.44,45.01,5.0162,23.34,4.26,4.92,70.53,0.04
berbera,20010106,10.44,45.01,4.9649,23.67,4.77,5.57,70.78,0.0
berbera,20010107,10.44,45.01,5.6976,23.84,4.16,4.74,73.2,0.0
berbera,20010108,10.44,45.01,5.4137,24.07,3.18,3.35,74.64,0.02
berbera,20010109,10.44,45.01,3.6401,23.93,2.27,2.39,74.39,0.02
berbera,20010110,10.44,45.01,5.0801,24.04,4.99,5.62,75.12,0.01
berbera,20010111,10.44,45.01,5.6851,24.06,6.38,7.45,69.95,0.3
berbera,20010112,10.44,45.01,5.9246,23.65,6.35,7.44,66.88,0.0
berbera,20010113,10.44,45.01,5.7547,23.07,5.98,7.0,66.87,0.0
berbera,20010114,10.44,45.01,6.0367,23.04,5.15,6.02,68.84,0.02
berbera,20010115,10.44,45.01,6.0466,23.04,5.27,6.17,68.96,0.01
berbera,20010116,10.44,45.01,6.2323,22.77,5.33,6.25,65.86,0.0
berbera,20010117,10.44,45.01,6.2035,22.62,5.31,6.2,67.19,0.0
berbera,20010118,10.44,45.01,5.6755,23.19,4.34,4.94,70.33,0.04
berbera,20010119,10.44,45.01,5.9314,24.3,4.58,5.03,72.16,0.0
berbera,20010120,10.44,45.01,6.0307,24.17,3.52,3.87,76.05,0.18
berbera,20010121,10.44,45.01,5.9542,23.6,4.24,4.79,75.06,0.62
berbera,20010122,10.44,45.01,6.1728,23.3,5.01,5.79,67.71,0.01
berbera,20010123,10.44,45.01,6.151,23.25,4.48,5.1,66.74,0.11
berbera,20010124,10.44,45.01,6.2071,23.08,3.2,3.57,70.26,0.01
berbera,20010125,10.44,45.01,6.2225,23.04,3.45,3.88,71.2,0.05
berbera,20010126,10.44,45.01,6.061,23.32,4.01,4.57,73.22,0.54
berbera,20010127,10.44,45.01,6.2227,23.57,3.59,4.04,72.5,0.0
berbera,20010128,10.44,45.01,6.0142,23.43,3.65,4.13,72.86,0.0
berbera,20010129,10.44,45.01,5.7828,23.64,5.56,6.55,73.45,0.95
berbera,20010130,10.44,45.01,6.0262,23.34,5.92,6.94,70.96,0.19
berbera,20010131,10.44,45.01,6.3262,22.44,5.75,6.7,66.16,0.0
berbera,20010201,10.44,45.01,6.5686,22.1,5.96,7.01,65.65,0.0
berbera,20010202,10.44,45.01,6.3173,22.12,5.46,6.35,64.17,0.0
berbera,20010203,10.44,45.01,6.0514,22.17,4.32,4.91,69.33,0.0
berbera,20010204,10.44,45.01,6.5213,22.62,3.38,3.74,71.76,0.04
berbera,20010205,10.44,45.01,6.7486,23.07,3.12,3.42,72.59,0.0
berbera,20010206,10.44,45.01,6.5933,23.72,4.81,5.36,73.93,0.2
berbera,20010207,10.44,45.01,5.6042,24.37,5.46,6.15,75.5,0.58
berbera,20010208,10.44,45.01,4.763,24.49,6.01,6.73,74.49,0.08
berbera,20010209,10.44,45.01,4.374,24.42,5.11,5.6,76.98,0.18
berbera,20010210,10.44,45.01,4.6483,24.31,4.24,4.63,77.16,0.1
berbera,20010211,10.44,45.01,6.1212,24.66,3.83,4.2,76.6,0.09
berbera,20010212,10.44,45.01,6.5676,24.7,4.46,5.09,76.96,0.0
berbera,20010213,10.44,45.01,6.547,24.54,4.78,5.58,72.74,0.01
berbera,20010214,10.44,45.01,6.6492,24.42,4.74,5.43,72.91,0.0
berbera,20010215,10.44,45.01,5.9141,24.5,4.52,5.04,77.03,0.0
berbera,20010216,10.44,45.01,6.5357,24.11,4.18,4.61,74.41,0.01
berbera,20010217,10.44,45.01,6.4001,23.83,4.3,4.74,74.31,0.01
berbera,20010218,10.44,45.01,6.7555,23.87,3.8,4.09,75.42,0.14
berbera,20010219,10.44,45.01,6.6871,24.52,3.87,4.24,75.02,0.04
berbera,20010220,10.44,45.01,6.5522,24.99,4.56,5.02,76.2,0.03
berbera,20010221,10.44,45.01,6.6893,25.25,3.81,4.18,74.02,0.01
berbera,20010222,10.44,45.01,6.3816,25.31,3.59,3.78,73.76,0.02
berbera,20010223,10.44,45.01,6.575,25.61,3.38,3.56,74.93,0.04
berbera,20010224,10.44,45.01,5.8447,25.16,2.78,2.91,76.51,0.09
berbera,20010225,10.44,45.01,6.684,25.03,3.15,3.47,77.45,0.46
berbera,20010226,10.44,45.01,7.0493,24.86,4.13,4.53,75.67,0.08
berbera,20010227,10.44,45.01,7.0356,24.96,4.87,5.43,71.12,0.0
berbera,20010228,10.44,45.01,7.0368,25.19,4.66,5.18,70.34,0.02
berbera,20010301,10.44,45.01,6.7949,25.27,4.3,4.76,69.37,0.4
berbera,20010302,10.44,45.01,6.8374,25.21,4.38,4.91,71.64,0.0
berbera,20010303,10.44,45.01,6.1987,25.5,4.96,5.5,72.86,0.0
berbera,20010304,10.44,45.01,6.0504,25.71,5.42,6.17,73.79,0.0
berbera,20010305,10.44,45.01,5.3935,25.46,5.52,6.05,75.38,0.02
berbera,20010306,10.44,45.01,6.0576,25.41,5.87,6.46,75.42,0.0
berbera,20010307,10.44,45.01,6.8148,26.15,5.26,5.82,71.14,0.16
berbera,20010308,10.44,45.01,6.6331,26.92,5.0,5.74,67.61,0.0
berbera,20010309,10.44,45.01,6.5964,26.86,4.32,4.9,69.42,0.12
berbera,20010310,10.44,45.01,5.8426,26.61,3.43,3.7,74.82,0.55
berbera,20010311,10.44,45.01,6.6192,26.8,3.34,3.5,74.33,0.37
berbera,20010312,10.44,45.01,6.8095,27.32,3.69,4.02,72.31,0.04
berbera,20010313,10.44,45.01,6.9523,27.75,4.13,4.62,69.39,0.03
berbera,20010314,10.44,45.01,6.9509,28.07,3.78,4.25,66.57,0.07
berbera,20010315,10.44,45.01,6.041,27.65,3.03,3.28,72.48,0.3
berbera,20010316,10.44,45.01,6.4327,27.1,3.8,4.2,76.03,0.83
berbera,20010317,10.44,45.01,5.611,26.62,3.87,4.32,78.9,0.58
berbera,20010318,10.44,45.01,6.2069,26.31,4.54,5.09,78.01,0.19
berbera,20010319,10.44,45.01,6.9072,26.46,4.44,4.93,74.62,0.05
berbera,20010320,10.44,45.01,6.4894,26.87,4.27,4.74,76.24,0.35
berbera,20010321,10.44,45.01,6.7961,27.35,4.37,4.98,75.64,0.29
berbera,20010322,10.44,45.01,7.123,27.22,3.58,4.11,76.08,9.7
berbera,20010323,10.44,45.01,7.3301,27.3,2.85,3.14,70.76,0.71
berbera,20010324,10.44,45.01,7.0798,27.15,3.08,3.28,71.68,0.18
berbera,20010325,10.44,45.01,7.1302,27.91,3.41,3.84,67.68,0.51
berbera,20010326,10.44,45.01,6.9917,27.8,3.27,3.66,70.69,3.6
berbera,20010327,10.44,45.01,6.9799,27.2,3.55,4.01,72.37,1.41
berbera,20010328,10.44,45.01,7.5014,27.56,4.16,4.81,66.8,0.03
berbera,20010329,10.44,45.01,7.1854,27.31,2.96,3.32,68.7,0.0
berbera,20010330,10.44,45.01,6.9878,27.63,3.43,3.84,65.88,0.0
berbera,20010331,10.44,45.01,6.9086,27.59,3.78,4.2,66.02,0.01
berbera,20010401,10.44,45.01,7.1395,27.32,3.71,4.05,67.16,0.14
berbera,20010402,10.44,45.01,7.1566,27.05,3.27,3.56,68.08,0.02
berbera,20010403,10.44,45.01,7.4052,26.83,4.06,4.71,62.58,0.0
berbera,20010404,10.44,45.01,7.692,26.17,3.99,4.48,62.78,0.0
berbera,20010405,10.44,45.01,7.5168,26.2,4.1,4.61,71.32,0.0
berbera,20010406,10.44,45.01,7.518,26.35,3.85,4.25,72.34,0.01
berbera,20010407,10.44,45.01,7.3087,27.09,4.02,4.41,71.08,0.0
berbera,20010408,10.44,45.01,7.5605,27.64,3.8,4.21,66.51,0.24
berbera,20010409,10.44,45.01,7.4294,27.38,3.15,3.32,68.83,0.0
berbera,20010410,10.44,45.01,7.4426,28.27,3.58,3.91,65.03,0.0
berbera,20010411,10.44,45.01,7.2223,29.13,3.58,4.03,64.55,0.09
berbera,20010412,10.44,45.01,7.1038,29.32,3.01,3.32,69.89,0.33
berbera,20010413,10.44,45.01,7.211,29.22,3.05,3.42,69.44,0.44
berbera,20010414,10.44,45.01,6.637,29.53,3.93,4.56,69.81,0.53
berbera,20010415,10.44,45.01,7.2029,28.71,4.1,4.53,73.85,0.22
berbera,20010416,10.44,45.01,7.1815,28.51,3.31,3.57,71.46,0.19
berbera,20010417,10.44,45.01,7.4174,28.97,2.71,2.89,65.83,0.07
berbera,20010418,10.44,45.01,7.3543,29.55,2.97,3.35,60.01,0.01
berbera,20010419,10.44,45.01,7.2612,29.94,3.32,3.73,59.48,0.08
berbera,20010420,10.44,45.01,7.1983,30.03,3.96,4.51,61.92,0.08
berbera,20010421,10.44,45.01,6.8494,29.96,4.09,4.62,66.06,2.06
berbera,20010422,10.44,45.01,4.3745,28.21,3.05,3.24,77.17,3.58
berbera,20010423,10.44,45.01,6.1512,27.72,3.14,3.43,78.05,1.56
berbera,20010424,10.44,45.01,6.3588,27.79,3.42,3.72,72.16,0.04
berbera,20010425,10.44,45.01,7.0723,28.39,3.45,3.65,71.17,1.88
berbera,20010426,10.44,45.01,7.3217,29.96,3.17,3.49,66.56,0.01
berbera,20010427,10.44,45.01,6.2544,30.56,3.18,3.64,67.94,0.01
berbera,20010428,10.44,45.01,6.857,30.89,2.87,3.42,65.61,0.0
berbera,20010429,10.44,45.01,7.2816,30.46,3.12,3.5,65.0,0.01
berbera,20010430,10.44,45.01,7.0495,29.55,2.88,3.06,71.81,0.0
berbera,20010501,10.44,45.01,7.2569,30.18,3.73,3.99,69.06,1.25
berbera,20010502,10.44,45.01,6.9787,31.33,3.09,3.8,61.8,0.43
berbera,20010503,10.44,45.01,7.3562,32.21,3.06,3.9,58.31,0.24
berbera,20010504,10.44,45.01,5.9227,31.58,2.99,3.5,65.11,6.69
berbera,20010505,10.44,45.01,2.0827,31.21,2.65,3.22,67.04,0.1
berbera,20010506,10.44,45.01,7.1486,30.91,2.09,2.25,62.51,0.48
berbera,20010507,10.44,45.01,6.8578,31.45,2.15,2.52,59.54,1.54
berbera,20010508,10.44,45.01,7.1328,31.95,3.24,3.98,59.37,1.1
berbera,20010509,10.44,45.01,6.3595,32.6,3.86,4.91,57.31,0.22
berbera,20010510,10.44,45.01,7.3375,32.17,4.43,5.37,57.18,0.22
berbera,20010511,10.44,45.01,7.2713,31.94,3.88,4.62,61.48,0.54
berbera,20010512,10.44,45.01,7.3637,31.81,3.55,4.31,62.86,0.16
berbera,20010513,10.44,45.01,7.2007,31.81,3.43,4.05,61.97,0.29
berbera,20010514,10.44,45.01,7.0322,30.88,2.22,2.61,68.13,0.73
berbera,20010515,10.44,45.01,7.2578,31.43,3.22,3.79,63.68,0.37
berbera,20010516,10.44,45.01,6.7954,31.32,2.87,3.24,59.43,0.22
berbera,20010517,10.44,45.01,7.1774,31.14,3.04,3.43,57.27,0.36
berbera,20010518,10.44,45.01,7.267,31.48,3.94,4.74,54.11,0.32
berbera,20010519,10.44,45.01,7.2466,32.43,4.44,5.44,52.13,0.0
berbera,20010520,10.44,45.01,7.0274,33.06,4.76,6.08,50.75,0.01
berbera,20010521,10.44,45.01,6.5386,33.05,3.93,5.07,47.63,0.0
berbera,20010522,10.44,45.01,7.0447,32.56,3.73,4.59,56.57,0.01
berbera,20010523,10.44,45.01,6.859,32.34,3.41,4.48,59.0,0.0
berbera,20010524,10.44,45.01,7.1342,32.4,4.07,5.29,53.98,0.0
berbera,20010525,10.44,45.01,6.9886,32.49,4.65,6.25,51.93,0.0
berbera,20010526,10.44,45.01,7.1635,32.79,4.63,6.07,49.16,0.0
berbera,20010527,10.44,45.01,6.8856,33.18,4.57,5.89,47.28,0.02
berbera,20010528,10.44,45.01,6.505,33.34,5.47,6.86,51.81,0.0
berbera,20010529,10.44,45.01,4.2226,33.06,6.88,8.68,49.34,0.04
berbera,20010530,10.44,45.01,7.0164,33.17,7.25,9.17,46.01,0.0
berbera,20010531,10.44,45.01,6.9922,32.46,5.26,6.94,46.5,0.0
berbera,20010601,10.44,45.01,7.1158,32.38,5.51,7.32,49.82,0.0
berbera,20010602,10.44,45.01,6.9473,32.05,5.24,6.72,53.38,0.0
berbera,20010603,10.44,45.01,6.7123,31.78,4.1,5.22,53.52,0.0
berbera,20010604,10.44,45.01,7.1059,32.68,4.18,5.59,49.19,0.0
berbera,20010605,10.44,45.01,7.2466,33.75,6.87,8.98,44.67,0.0
berbera,20010606,10.44,45.01,7.0582,33.21,7.86,10.23,46.58,0.0
berbera,20010607,10.44,45.01,6.9622,32.82,7.96,10.27,48.72,0.0
berbera,20010608,10.44,45.01,6.9072,32.84,7.09,9.31,47.63,0.0
berbera,20010609,10.44,45.01,6.8362,32.84,6.97,9.21,47.95,0.0
berbera,20010610,10.44,45.01,6.9533,32.02,7.28,9.61,49.33,0.0
berbera,20010611,10.44,45.01,6.4872,31.87,6.87,9.08,48.96,0.0
berbera,20010612,10.44,45.01,6.5513,32.14,6.06,8.0,47.6,0.0
berbera,20010613,10.44,45.01,6.9792,32.33,7.26,9.36,45.51,0.0
berbera,20010614,10.44,45.01,6.9761,32.12,6.96,8.73,47.37,0.0
berbera,20010615,10.44,45.01,7.189,32.5,8.06,10.21,43.77,0.0
berbera,20010616,10.44,45.01,6.9998,32.83,9.02,11.39,44.28,0.01
berbera,20010617,10.44,45.01,7.1851,32.68,7.13,9.23,46.24,0.0
berbera,20010618,10.44,45.01,7.2043,32.49,6.16,8.18,46.16,0.0
berbera,20010619,10.44,45.01,7.135,32.67,5.84,7.91,45.28,0.0
berbera,20010620,10.44,45.01,7.1138,32.6,5.81,7.87,48.33,0.0
berbera,20010621,10.44,45.01,7.093,33.12,6.41,8.55,44.37,0.0
berbera,20010622,10.44,45.01,7.0829,32.95,6.25,8.39,44.2,0.0
berbera,20010623,10.44,45.01,7.1318,33.13,6.35,8.41,40.9,0.0
berbera,20010624,10.44,45.01,6.9974,32.97,8.46,10.9,40.73,0.02
berbera,20010625,10.44,45.01,6.2782,32.88,8.86,11.51,42.69,0.0
berbera,20010626,10.44,45.01,6.1195,32.56,7.7,10.18,46.98,0.0
berbera,20010627,10.44,45.01,6.2563,32.95,7.94,10.45,46.36,0.0
berbera,20010628,10.44,45.01,6.6732,32.74,7.07,9.43,44.53,0.0
berbera,20010629,10.44,45.01,6.7267,32.29,6.78,9.22,44.8,0.0
berbera,20010630,10.44,45.01,6.7714,32.68,7.11,9.47,42.27,0.0
berbera,20010701,10.44,45.01,6.7598,32.53,7.49,9.95,45.92,0.0
berbera,20010702,10.44,45.01,6.7826,32.76,7.62,10.07,43.75,0.0
berbera,20010703,10.44,45.01,6.8518,32.87,7.78,10.18,44.21,0.0
berbera,20010704,10.44,45.01,6.9802,32.83,7.51,9.79,43.43,0.0
berbera,20010705,10.44,45.01,6.8947,32.96,7.64,9.9,41.7,0.0
berbera,20010706,10.44,45.01,6.8702,33.12,8.44,10.97,43.44,0.0
berbera,20010707,10.44,45.01,5.9062,32.82,7.84,10.31,44.11,0.0
berbera,20010708,10.44,45.01,6.761,32.44,7.29,9.87,46.7,0.0
berbera,20010709,10.44,45.01,6.4399,32.52,7.5,9.82,43.5,0.0
berbera,20010710,10.44,45.01,6.8765,32.35,7.06,9.37,43.94,0.0
berbera,20010711,10.44,45.01,6.977,32.31,5.8,7.8,43.14,0.0
berbera,20010712,10.44,45.01,7.0483,32.31,6.34,8.84,43.82,0.0
berbera,20010713,10.44,45.01,6.8462,32.11,7.84,10.47,47.71,0.0
berbera,20010714,10.44,45.01,6.8722,32.6,8.4,10.68,45.23,0.0
berbera,20010715,10.44,45.01,6.9689,32.41,8.18,10.33,45.99,0.0
berbera,20010716,10.44,45.01,6.7646,32.49,6.27,8.09,45.75,0.0
berbera,20010717,10.44,45.01,6.8832,32.67,8.71,11.05,43.83,0.0
berbera,20010718,10.44,45.01,6.7174,32.94,10.08,12.62,42.53,0.0
berbera,20010719,10.44,45.01,6.2275,32.04,7.83,10.14,48.65,0.0
berbera,20010720,10.44,45.01,5.7293,31.69,6.73,8.95,50.3,0.0
berbera,20010721,10.44,45.01,6.3922,32.61,7.28,9.59,46.98,0.0
berbera,20010722,10.44,45.01,5.8872,31.65,6.53,8.59,51.83,0.0
berbera,20010723,10.44,45.01,6.9262,32.06,7.16,9.01,48.71,0.0
berbera,20010724,10.44,45.01,6.4625,32.29,8.81,11.04,48.85,0.0
berbera,20010725,10.44,45.01,5.4972,30.92,7.45,8.98,48.98,0.0
berbera,20010726,10.44,45.01,6.6989,31.33,8.78,11.05,48.06,0.0
berbera,20010727,10.44,45.01,6.703,31.55,10.03,12.73,46.82,0.0
berbera,20010728,10.44,45.01,6.5011,31.39,8.94,11.31,49.43,0.0
berbera,20010729,10.44,45.01,6.4795,30.17,9.23,11.75,51.32,0.0
berbera,20010730,10.44,45.01,6.5338,31.68,8.03,10.33,47.78,0.01
berbera,20010731,10.44,45.01,6.2138,31.34,8.13,10.13,50.15,0.05
berbera,20010801,10.44,45.01,4.4148,29.15,12.2,14.73,52.9,0.01
berbera,20010802,10.44,45.01,6.0319,30.6,10.58,13.23,50.17,0.01
berbera,20010803,10.44,45.01,7.1532,31.54,5.43,7.01,49.74,0.01
berbera,20010804,10.44,45.01,5.5495,30.83,7.68,9.84,52.91,0.04
berbera,20010805,10.44,45.01,6.7042,31.48,7.75,9.96,49.46,0.02
berbera,20010806,10.44,45.01,6.8846,32.44,7.77,9.96,45.43,0.01
berbera,20010807,10.44,45.01,6.6576,32.34,7.03,9.31,48.23,0.01
berbera,20010808,10.44,45.01,6.2726,30.52,11.72,14.32,48.07,0.02
berbera,20010809,10.44,45.01,2.6683,30.39,11.55,14.47,51.23,0.0
berbera,20010810,10.44,45.01,6.9811,31.57,9.37,12.11,47.16,0.0
berbera,20010811,10.44,45.01,7.0654,32.24,5.85,7.78,48.63,0.0
berbera,20010812,10.44,45.01,7.3068,32.54,5.83,7.7,48.57,0.0
berbera,20010813,10.44,45.01,7.0934,32.75,6.57,8.63,46.89,0.0
berbera,20010814,10.44,45.01,7.0068,31.56,6.38,8.27,50.31,0.11
berbera,20010815,10.44,45.01,7.0121,32.24,5.74,7.58,49.66,0.02
berbera,20010816,10.44,45.01,6.5575,32.24,6.02,7.78,52.17,0.15
berbera,20010817,10.44,45.01,6.6161,32.66,6.69,9.09,49.2,0.41
berbera,20010818,10.44,45.01,7.3018,32.81,7.71,9.87,44.41,0.0
berbera,20010819,10.44,45.01,5.9796,33.07,6.82,8.78,46.81,0.01
berbera,20010820,10.44,45.01,7.0334,32.14,6.14,7.99,53.04,0.0
berbera,20010821,10.44,45.01,6.9874,33.15,6.65,8.64,45.96,0.0
berbera,20010822,10.44,45.01,6.7994,33.3,6.63,8.63,47.6,0.01
berbera,20010823,10.44,45.01,6.4493,32.88,6.42,8.36,48.0,0.03
berbera,20010824,10.44,45.01,6.4054,32.18,7.05,9.23,51.78,1.01
berbera,20010825,10.44,45.01,6.4126,32.77,7.86,10.18,45.53,0.08
berbera,20010826,10.44,45.01,6.3986,32.5,8.91,11.45,43.64,0.03
berbera,20010827,10.44,45.01,6.7562,32.3,7.91,10.11,45.95,0.21
berbera,20010828,10.44,45.01,6.973,32.15,7.7,10.03,45.88,0.19
berbera,20010829,10.44,45.01,6.407,31.14,8.62,10.96,52.1,3.35
berbera,20010830,10.44,45.01,6.9242,31.23,9.88,12.29,51.65,1.75
berbera,20010831,10.44,45.01,6.6427,30.79,9.45,11.77,54.54,3.14
berbera,20010901,10.44,45.01,5.3215,29.58,7.37,9.38,64.06,10.93
berbera,20010902,10.44,45.01,6.9449,30.11,7.14,8.78,59.0,1.89
berbera,20010903,10.44,45.01,6.9547,31.02,5.52,6.8,54.8,0.0
berbera,20010904,10.44,45.01,7.1278,30.95,5.57,6.71,58.35,0.0
berbera,20010905,10.44,45.01,6.9782,31.36,5.7,7.07,55.34,0.0
berbera,20010906,10.44,45.01,6.8506,31.28,5.1,6.26,56.9,0.0
berbera,20010907,10.44,45.01,6.6833,31.48,4.2,5.04,58.4,0.0
berbera,20010908,10.44,45.01,6.9142,31.56,4.07,4.95,56.96,0.4
berbera,20010909,10.44,45.01,6.8434,31.38,4.09,4.97,54.8,0.33
berbera,20010910,10.44,45.01,6.4668,31.49,5.27,6.29,54.16,0.13
berbera,20010911,10.44,45.01,6.6965,31.66,6.57,7.97,52.14,0.05
berbera,20010912,10.44,45.01,6.8338,32.17,6.65,8.13,50.06,0.0
berbera,20010913,10.44,45.01,6.9209,32.22,4.97,6.07,51.31,0.02
berbera,20010914,10.44,45.01,6.7726,32.02,4.64,5.54,54.84,0.07
berbera,20010915,10.44,45.01,6.7886,31.33,4.36,5.13,58.36,0.22
berbera,20010916,10.44,45.01,6.6031,31.15,3.56,4.03,60.57,0.21
berbera,20010917,10.44,45.01,5.9592,30.2,3.11,3.41,64.73,0.22
berbera,20010918,10.44,45.01,6.6938,30.03,2.69,2.92,65.64,0.07
berbera,20010919,10.44,45.01,6.7474,30.89,3.11,3.49,61.47,0.01
berbera,20010920,10.44,45.01,6.8393,31.26,2.99,3.38,57.54,0.07
berbera,20010921,10.44,45.01,6.8981,31.56,2.95,3.29,57.17,0.01
berbera,20010922,10.44,45.01,6.9396,30.94,3.36,3.73,63.04,0.04
berbera,20010923,10.44,45.01,5.8615,29.55,4.15,4.56,70.45,1.46
berbera,20010924,10.44,45.01,6.1994,29.2,2.67,2.78,68.09,0.53
berbera,20010925,10.44,45.01,6.9295,29.9,2.48,2.61,60.95,0.08
berbera,20010926,10.44,45.01,6.5592,30.59,2.84,3.07,60.64,0.01
berbera,20010927,10.44,45.01,6.6468,31.32,2.82,3.19,57.78,0.07
berbera,20010928,10.44,45.01,6.4097,31.66,3.76,4.4,56.93,0.0
berbera,20010929,10.44,45.01,6.4973,31.25,3.34,3.86,58.7,0.0
berbera,20010930,10.44,45.01,6.4848,31.37,3.56,4.1,58.41,0.0
berbera,20011001,10.44,45.01,6.3461,30.97,3.51,4.05,57.65,0.0
berbera,20011002,10.44,45.01,6.8107,30.14,3.3,3.76,57.91,0.0
berbera,20011003,10.44,45.01,6.9322,30.24,2.46,2.69,52.57,0.0
berbera,20011004,10.44,45.01,6.3984,30.83,1.45,1.67,45.56,0.0
berbera,20011005,10.44,45.01,6.7246,31.4,2.54,2.92,44.09,0.0
berbera,20011006,10.44,45.01,6.917,31.27,3.25,3.77,48.02,0.0
berbera,20011007,10.44,45.01,6.9583,30.91,3.41,4.02,55.08,0.02
berbera,20011008,10.44,45.01,6.3763,30.38,2.91,3.25,58.17,0.11
berbera,20011009,10.44,45.01,5.815,30.27,3.52,3.98,60.49,0.06
berbera,20011010,10.44,45.01,6.3509,29.69,3.09,3.48,60.24,0.01
berbera,20011011,10.44,45.01,6.6571,29.69,3.34,3.79,59.2,0.01
berbera,20011012,10.44,45.01,6.7272,29.84,3.37,3.81,60.62,0.01
berbera,20011013,10.44,45.01,6.7512,29.65,2.95,3.16,64.44,0.02
berbera,20011014,10.44,45.01,5.8003,30.06,3.17,3.46,66.95,0.34
berbera,20011015,10.44,45.01,6.1505,30.17,3.05,3.3,65.0,0.51
berbera,20011016,10.44,45.01,6.2323,29.91,2.96,3.19,65.7,0.36
berbera,20011017,10.44,45.01,6.5191,29.4,3.14,3.44,67.35,0.46
berbera,20011018,10.44,45.01,6.5014,29.1,3.42,3.79,67.16,0.05
berbera,20011019,10.44,45.01,6.0958,29.12,3.6,3.99,69.52,0.18
berbera,20011020,10.44,45.01,6.2268,28.69,3.6,3.94,71.86,0.15
berbera,20011021,10.44,45.01,6.48,28.24,3.8,4.26,74.38,0.15
berbera,20011022,10.44,45.01,6.5167,28.43,3.76,4.21,69.84,0.19
berbera,20011023,10.44,45.01,6.3456,28.59,4.32,4.76,73.03,1.36
berbera,20011024,10.44,45.01,5.6424,28.24,4.03,4.53,74.42,0.69
berbera,20011025,10.44,45.01,5.4617,27.84,3.72,4.16,77.67,0.65
berbera,20011026,10.44,45.01,6.2383,27.45,3.45,3.88,77.7,0.21
berbera,20011027,10.44,45.01,6.6274,27.53,4.06,4.65,65.77,0.01
berbera,20011028,10.44,45.01,6.5328,26.95,3.19,3.52,70.38,0.0
berbera,20011029,10.44,45.01,6.1121,27.04,3.47,3.88,70.47,0.0
berbera,20011030,10.44,45.01,6.3082,27.15,3.37,3.67,68.92,0.0
berbera,20011031,10.44,45.01,6.2597,27.56,4.14,4.65,73.06,0.02
berbera,20011101,10.44,45.01,6.3576,27.3,4.21,4.7,74.15,0.01
berbera,20011102,10.44,45.01,6.3298,27.0,2.96,3.24,69.01,0.63
berbera,20011103,10.44,45.01,6.4836,26.7,2.95,3.27,66.78,0.0
berbera,20011104,10.44,45.01,6.4639,26.6,4.29,4.87,67.75,0.0
berbera,20011105,10.44,45.01,6.1814,26.93,2.63,2.89,66.62,0.04
berbera,20011106,10.44,45.01,6.3427,27.38,2.93,3.23,65.66,0.03
berbera,20011107,10.44,45.01,6.5237,27.12,3.01,3.35,63.9,0.0
berbera,20011108,10.44,45.01,6.6989,26.57,3.98,4.53,62.22,0.0
berbera,20011109,10.44,45.01,6.6281,26.18,4.6,5.27,63.54,0.0
berbera,20011110,10.44,45.01,6.4358,25.81,3.61,4.06,65.15,0.0
berbera,20011111,10.44,45.01,6.5112,25.82,3.4,3.83,59.2,0.0
berbera,20011112,10.44,45.01,6.6043,25.96,3.68,4.11,59.97,0.0
berbera,20011113,10.44,45.01,6.4291,26.27,4.44,5.0,59.01,0.0
berbera,20011114,10.44,45.01,6.4764,26.18,4.22,4.81,62.29,0.0
berbera,20011115,10.44,45.01,6.1824,25.8,4.35,4.98,60.33,0.0
berbera,20011116,10.44,45.01,6.5021,25.7,4.11,4.74,56.14,0.0
berbera,20011117,10.44,45.01,6.3754,25.63,4.16,4.68,61.49,0.0
berbera,20011118,10.44,45.01,6.2746,26.45,4.05,4.46,62.7,0.0
berbera,20011119,10.44,45.01,6.0245,26.06,3.82,4.2,72.04,0.01
berbera,20011120,10.44,45.01,6.1675,25.92,4.88,5.62,71.19,0.01
berbera,20011121,10.44,45.01,6.193,25.62,4.95,5.7,70.61,0.06
berbera,20011122,10.44,45.01,5.7763,25.87,4.1,4.65,73.34,0.23
berbera,20011123,10.44,45.01,5.5843,26.16,4.84,5.61,73.35,0.05
berbera,20011124,10.44,45.01,6.1877,25.87,4.57,5.25,71.83,0.01
berbera,20011125,10.44,45.01,6.0437,25.56,4.78,5.53,72.45,0.03
berbera,20011126,10.44,45.01,5.9854,25.01,4.98,5.78,73.03,0.08
berbera,20011127,10.44,45.01,6.2798,25.16,4.31,4.95,68.4,0.0
berbera,20011128,10.44,45.01,6.0547,25.01,4.06,4.63,66.51,0.0
berbera,20011129,10.44,45.01,6.1579,24.84,4.46,5.11,68.37,0.0
berbera,20011130,10.44,45.01,6.1726,25.11,4.88,5.61,70.59,0.0
berbera,20011201,10.44,45.01,6.1058,25.26,4.54,5.21,67.64,0.0
berbera,20011202,10.44,45.01,6.0487,25.08,4.27,4.87,69.88,0.01
berbera,20011203,10.44,45.01,5.7782,25.2,4.36,5.05,72.81,0.01
berbera,20011204,10.44,45.01,6.1505,25.12,3.84,4.32,69.4,0.0
berbera,20011205,10.44,45.01,6.059,25.64,3.65,4.07,70.47,0.0
berbera,20011206,10.44,45.01,5.5754,26.52,4.14,4.59,76.98,0.15
berbera,20011207,10.44,45.01,5.2202,27.23,4.97,5.65,76.12,0.38
berbera,20011208,10.44,45.01,5.0957,26.48,5.07,5.68,77.62,0.19
berbera,20011209,10.44,45.01,5.172,25.96,4.34,4.92,75.46,0.03
berbera,20011210,10.44,45.01,5.2536,26.02,3.78,4.13,77.34,0.15
berbera,20011211,10.44,45.01,5.9117,25.7,4.11,4.57,74.47,0.0
berbera,20011212,10.44,45.01,5.779,25.83,5.02,5.57,69.44,0.0
berbera,20011213,10.44,45.01,5.4967,25.7,6.09,6.87,73.7,0.01
berbera,20011214,10.44,45.01,5.2104,25.68,5.28,5.94,77.75,0.1
berbera,20011215,10.44,45.01,5.0935,25.62,4.84,5.4,78.08,0.25
berbera,20011216,10.44,45.01,5.6645,25.64,5.13,5.71,75.76,0.04
berbera,20011217,10.44,45.01,5.761,25.54,5.51,6.27,71.43,0.0
berbera,20011218,10.44,45.01,5.8831,25.33,5.99,6.98,70.29,0.0
berbera,20011219,10.44,45.01,5.5877,25.45,6.03,6.94,71.13,0.0
berbera,20011220,10.44,45.01,5.5675,25.21,5.8,6.74,72.0,0.0
berbera,20011221,10.44,45.01,5.0129,25.26,4.83,5.47,74.54,0.0
berbera,20011222,10.44,45.01,5.4161,25.02,5.53,6.42,75.49,0.0
berbera,20011223,10.44,45.01,5.796,24.63,5.36,6.31,71.79,0.0
berbera,20011224,10.44,45.01,5.6376,24.89,5.04,5.93,71.33,0.0
berbera,20011225,10.44,45.01,5.7696,24.92,4.96,5.81,69.16,0.0
berbera,20011226,10.44,45.01,5.945,24.66,5.17,6.04,69.88,0.0
berbera,20011227,10.44,45.01,5.1902,25.05,5.82,6.71,71.92,0.0
berbera,20011228,10.44,45.01,5.7293,25.22,5.59,6.38,72.31,0.0
berbera,20011229,10.44,45.01,5.7986,25.18,5.47,6.37,71.82,0.0
berbera,20011230,10.44,45.01,5.629,25.07,6.1,7.14,71.16,0.0
berbera,20011231,10.44,45.01,5.0935,25.11,5.81,6.61,73.63,0.0
berbera,20020101,10.44,45.01,5.0693,25.83,5.53,6.24,74.33,0.35
berbera,20020102,10.44,45.01,3.9634,25.97,5.16,5.7,76.45,1.43
berbera,20020103,10.44,45.01,3.6216,25.81,4.92,5.44,78.88,2.94
berbera,20020104,10.44,45.01,4.4986,25.52,5.05,5.69,81.12,2.92
berbera,20020105,10.44,45.01,4.8343,25.51,6.28,7.22,78.87,3.09
berbera,20020106,10.44,45.01,4.9867,25.3,6.09,7.07,74.82,0.0
berbera,20020107,10.44,45.01,5.8058,24.85,4.72,5.45,71.98,0.0
berbera,20020108,10.44,45.01,5.2663,24.78,3.69,4.18,74.23,0.0
berbera,20020109,10.44,45.01,4.7983,24.64,3.23,3.55,71.93,0.0
berbera,20020110,10.44,45.01,5.3731,24.93,4.0,4.49,70.59,0.0
berbera,20020111,10.44,45.01,5.9083,25.42,4.01,4.39,72.02,0.0
berbera,20020112,10.44,45.01,5.5027,25.36,3.31,3.46,77.11,0.0
berbera,20020113,10.44,45.01,4.0774,24.9,3.36,3.66,79.68,0.0
berbera,20020114,10.44,45.01,5.2978,24.94,3.89,4.39,77.94,0.0
berbera,20020115,10.44,45.01,5.3184,25.41,5.52,6.36,73.57,0.0
berbera,20020116,10.44,45.01,5.2613,25.03,4.51,5.18,74.99,0.0
berbera,20020117,10.44,45.01,5.9885,24.94,3.72,4.2,72.59,0.0
berbera,20020118,10.44,45.01,5.6083,24.99,5.29,6.11,72.47,0.0
berbera,20020119,10.44,45.01,6.1075,24.03,6.36,7.4,67.11,0.0
berbera,20020120,10.44,45.01,6.0972,23.1,4.91,5.61,64.73,0.0
berbera,20020121,10.44,45.01,6.3029,22.75,3.63,4.06,67.43,0.0
berbera,20020122,10.44,45.01,5.9712,23.09,3.1,3.45,65.92,0.0
berbera,20020123,10.44,45.01,6.239,23.42,3.61,4.15,72.72,0.0
berbera,20020124,10.44,45.01,5.7,23.94,4.15,4.72,71.13,0.0
berbera,20020125,10.44,45.01,5.5229,24.49,5.49,6.28,72.99,0.0
berbera,20020126,10.44,45.01,5.7302,24.82,6.17,7.13,71.38,0.0
berbera,20020127,10.44,45.01,5.9796,24.76,5.69,6.62,69.6,0.0
berbera,20020128,10.44,45.01,6.3439,24.53,5.54,6.42,70.42,0.0
berbera,20020129,10.44,45.01,5.9141,24.19,4.31,4.91,71.96,0.0
berbera,20020130,10.44,45.01,6.2846,23.83,3.94,4.44,72.04,0.0
berbera,20020131,10.44,45.01,6.0238,23.54,4.39,5.02,70.41,0.0
berbera,20020201,10.44,45.01,6.4267,24.01,6.38,7.46,71.68,0.0
berbera,20020202,10.44,45.01,6.337,24.28,6.08,7.11,66.66,0.0
berbera,20020203,10.44,45.01,6.613,24.2,5.57,6.47,64.63,0.0
berbera,20020204,10.44,45.01,6.4754,24.31,5.16,5.9,71.23,0.0
berbera,20020205,10.44,45.01,6.4781,24.23,5.07,5.86,73.38,0.0
berbera,20020206,10.44,45.01,6.4325,24.19,5.79,6.71,68.25,0.0
berbera,20020207,10.44,45.01,6.5294,23.88,6.0,6.97,64.39,0.0
berbera,20020208,10.44,45.01,6.7843,23.3,5.49,6.35,62.88,0.0
berbera,20020209,10.44,45.01,6.4903,23.06,4.66,5.32,68.32,0.0
berbera,20020210,10.44,45.01,6.6288,23.31,5.24,6.11,69.94,0.0
berbera,20020211,10.44,45.01,6.6886,23.48,5.66,6.53,69.69,0.0
berbera,20020212,10.44,45.01,6.2856,23.89,4.9,5.48,71.14,0.01
berbera,20020213,10.44,45.01,6.0605,24.2,4.86,5.38,73.6,0.01
berbera,20020214,10.44,45.01,6.4824,24.42,3.81,4.13,74.54,0.01
berbera,20020215,10.44,45.01,6.4774,24.7,3.19,3.39,75.67,0.0
berbera,20020216,10.44,45.01,6.185,24.96,3.91,4.4,76.61,0.0
berbera,20020217,10.44,45.01,6.402,25.0,4.6,5.21,72.73,0.0
berbera,20020218,10.44,45.01,6.444,25.26,4.84,5.32,73.58,0.0
berbera,20020219,10.44,45.01,6.282,25.54,4.81,5.3,72.83,0.0
berbera,20020220,10.44,45.01,6.5906,25.57,4.36,4.76,73.15,0.0
berbera,20020221,10.44,45.01,6.798,26.09,4.91,5.54,72.57,0.0
berbera,20020222,10.44,45.01,6.2556,25.88,6.06,6.86,76.11,0.02
berbera,20020223,10.44,45.01,5.8534,25.35,5.41,5.94,77.65,0.01
berbera,20020224,10.44,45.01,6.727,25.65,4.79,5.32,74.98,0.01
berbera,20020225,10.44,45.01,6.7303,25.93,5.0,5.6,72.2,0.0
berbera,20020226,10.44,45.01,6.967,25.77,4.62,5.2,68.8,0.0
berbera,20020227,10.44,45.01,6.581,25.28,4.22,4.55,71.17,0.0
berbera,20020228,10.44,45.01,6.8784,25.3,4.73,5.26,71.14,0.0
berbera,20020301,10.44,45.01,6.8047,25.53,4.88,5.44,73.64,0.0
berbera,20020302,10.44,45.01,6.5354,25.61,4.9,5.41,74.49,1.28
berbera,20020303,10.44,45.01,6.048,25.25,5.53,6.05,75.13,1.77
berbera,20020304,10.44,45.01,6.0146,25.05,5.14,5.63,76.96,0.5
berbera,20020305,10.44,45.01,6.9214,25.41,4.81,5.36,72.61,0.18
berbera,20020306,10.44,45.01,6.8066,25.4,4.42,4.86,71.52,0.05
berbera,20020307,10.44,45.01,7.1275,25.42,4.18,4.54,74.06,0.0
berbera,20020308,10.44,45.01,7.0538,25.87,3.7,4.01,71.62,0.0
berbera,20020309,10.44,45.01,6.9257,26.27,4.05,4.48,71.51,0.0
berbera,20020310,10.44,45.01,6.8856,26.23,4.46,4.86,73.19,0.27
berbera,20020311,10.44,45.01,6.9374,26.02,4.91,5.47,71.72,0.0
berbera,20020312,10.44,45.01,6.8822,25.59,4.26,4.82,71.5,0.0
berbera,20020313,10.44,45.01,7.0752,25.51,5.2,6.0,71.58,0.0
berbera,20020314,10.44,45.01,7.0498,25.64,4.61,5.21,72.02,0.0
berbera,20020315,10.44,45.01,6.5086,26.35,5.0,5.55,71.02,0.0
berbera,20020316,10.44,45.01,6.51,27.42,4.95,5.59,67.97,0.0
berbera,20020317,10.44,45.01,6.3838,27.86,3.85,4.44,69.63,0.02
berbera,20020318,10.44,45.01,5.7629,28.31,2.98,3.39,71.36,0.21
berbera,20020319,10.44,45.01,5.9508,27.68,3.44,3.84,77.21,0.35
berbera,20020320,10.44,45.01,6.7294,27.52,4.06,4.57,75.79,0.29
berbera,20020321,10.44,45.01,6.7913,27.59,3.42,3.71,74.18,0.08
berbera,20020322,10.44,45.01,6.7334,27.2,3.17,3.33,75.93,0.0
berbera,20020323,10.44,45.01,7.1897,27.78,3.98,4.37,72.05,0.0
berbera,20020324,10.44,45.01,7.3454,27.73,3.61,3.9,66.91,0.0
berbera,20020325,10.44,45.01,7.5322,27.31,3.36,3.58,66.39,0.0
berbera,20020326,10.44,45.01,7.3742,27.77,3.53,3.82,69.87,0.0
berbera,20020327,10.44,45.01,7.4285,28.45,3.38,3.68,65.22,0.0
berbera,20020328,10.44,45.01,7.373,28.22,2.97,3.15,66.44,0.0
berbera,20020329,10.44,45.01,6.9034,26.91,2.41,2.35,73.72,0.16
berbera,20020330,10.44,45.01,7.1669,26.62,2.6,2.68,69.16,0.0
berbera,20020331,10.44,45.01,6.6845,27.67,4.03,4.36,68.37,0.14
berbera,20020401,10.44,45.01,6.924,28.34,5.44,6.2,69.59,0.0
berbera,20020402,10.44,45.01,6.1608,28.84,4.85,5.44,71.77,0.14
berbera,20020403,10.44,45.01,7.1251,29.35,3.52,3.99,68.22,0.09
berbera,20020404,10.44,45.01,7.4429,29.18,3.05,3.39,65.69,0.0
berbera,20020405,10.44,45.01,7.1765,29.09,3.03,3.5,68.99,0.03
berbera,20020406,10.44,45.01,6.9228,28.1,3.63,4.09,76.48,0.01
berbera,20020407,10.44,45.01,7.0589,27.95,3.74,4.17,76.74,0.02
berbera,20020408,10.44,45.01,7.2821,28.93,4.47,5.14,65.17,0.0
berbera,20020409,10.44,45.01,7.3303,29.44,5.76,6.95,59.41,0.0
berbera,20020410,10.44,45.01,7.1782,30.12,4.31,5.29,53.12,0.0
berbera,20020411,10.44,45.01,6.857,29.27,4.05,4.56,68.84,0.38
berbera,20020412,10.44,45.01,5.5697,29.44,3.7,4.33,68.56,0.49
berbera,20020413,10.44,45.01,3.1397,27.27,4.33,4.73,78.62,2.75
berbera,20020414,10.44,45.01,4.9332,27.57,4.55,5.14,73.56,1.17
berbera,20020415,10.44,45.01,6.6557,27.99,4.26,4.6,71.46,0.06
berbera,20020416,10.44,45.01,6.6854,27.8,4.17,4.64,75.64,6.43
berbera,20020417,10.44,45.01,7.1203,27.99,3.37,3.75,73.33,4.06
berbera,20020418,10.44,45.01,7.3538,28.95,4.42,4.98,70.65,0.21
berbera,20020419,10.44,45.01,7.2377,29.44,3.81,4.28,68.73,0.26
berbera,20020420,10.44,45.01,6.7363,28.83,2.85,2.98,73.63,3.21
berbera,20020421,10.44,45.01,6.5256,27.38,2.17,2.28,77.35,0.0
berbera,20020422,10.44,45.01,6.6187,27.71,2.34,2.49,72.35,0.0
berbera,20020423,10.44,45.01,7.333,27.82,2.32,2.51,71.09,0.0
berbera,20020424,10.44,45.01,7.2278,28.19,2.75,2.96,68.99,0.0
berbera,20020425,10.44,45.01,7.008,28.37,2.8,3.05,70.18,0.0
berbera,20020426,10.44,45.01,6.2748,28.66,4.05,4.36,69.97,0.04
berbera,20020427,10.44,45.01,6.8297,29.06,3.78,4.21,67.07,0.0
berbera,20020428,10.44,45.01,7.291,29.55,3.55,4.2,62.87,0.0
berbera,20020429,10.44,45.01,7.4359,30.03,3.77,4.51,60.05,0.0
berbera,20020430,10.44,45.01,7.4501,30.17,3.49,3.89,59.63,0.0
berbera,20020501,10.44,45.01,7.3963,30.6,2.64,2.9,64.53,0.03
berbera,20020502,10.44,45.01,7.0831,30.91,3.09,3.7,63.94,0.02
berbera,20020503,10.44,45.01,6.631,30.03,2.92,3.3,66.99,0.47
berbera,20020504,10.44,45.01,5.4557,29.62,3.02,3.24,70.89,0.41
berbera,20020505,10.44,45.01,6.4966,29.87,2.56,2.76,67.93,0.21
berbera,20020506,10.44,45.01,6.5203,30.15,3.0,3.33,62.22,0.0
berbera,20020507,10.44,45.01,6.8237,30.89,3.06,3.46,61.15,0.0
berbera,20020508,10.44,45.01,6.7625,31.03,4.38,5.16,58.57,0.0
berbera,20020509,10.44,45.01,7.1515,31.43,3.99,4.69,47.03,0.0
berbera,20020510,10.44,45.01,7.0493,31.34,4.26,5.1,45.79,0.0
berbera,20020511,10.44,45.01,7.3399,32.04,4.97,6.09,54.2,0.0
berbera,20020512,10.44,45.01,7.3308,32.24,4.69,5.79,56.62,0.0
berbera,20020513,10.44,45.01,7.3111,32.41,4.75,5.9,54.35,0.0
berbera,20020514,10.44,45.01,7.1681,32.85,5.07,6.39,54.75,0.0
berbera,20020515,10.44,45.01,7.2,33.21,4.85,6.0,55.69,0.03
berbera,20020516,10.44,45.01,7.2098,32.41,3.07,3.71,56.55,0.0
berbera,20020517,10.44,45.01,7.2355,32.41,2.49,2.98,55.26,0.02
berbera,20020518,10.44,45.01,7.0073,32.37,4.38,5.27,56.07,0.03
berbera,20020519,10.44,45.01,7.1376,32.88,5.24,6.47,51.93,0.0
berbera,20020520,10.44,45.01,6.8789,33.13,5.6,7.11,49.38,0.0
berbera,20020521,10.44,45.01,7.0908,32.7,5.12,6.3,52.76,0.0
berbera,20020522,10.44,45.01,7.3037,32.38,5.48,6.64,56.59,0.02
berbera,20020523,10.44,45.01,7.2619,32.16,5.03,5.99,58.52,0.1
berbera,20020524,10.44,45.01,7.1875,31.98,3.6,4.12,58.29,0.2
berbera,20020525,10.44,45.01,7.2535,32.73,3.48,4.14,56.42,0.15
berbera,20020526,10.44,45.01,7.2262,33.69,4.19,5.24,52.99,0.0
berbera,20020527,10.44,45.01,7.4599,33.6,4.12,4.98,51.58,0.0
berbera,20020528,10.44,45.01,7.3711,33.61,4.13,5.04,49.87,0.0
berbera,20020529,10.44,45.01,7.4369,33.25,3.89,4.62,49.86,0.0
berbera,20020530,10.44,45.01,7.2562,33.41,4.34,5.32,47.93,0.0
berbera,20020531,10.44,45.01,7.3207,33.64,4.97,6.12,48.36,0.0
berbera,20020601,10.44,45.01,7.2509,33.09,5.3,6.48,50.86,0.0
berbera,20020602,10.44,45.01,7.459,33.16,4.78,5.88,49.83,0.0
berbera,20020603,10.44,45.01,7.3678,33.14,3.92,4.86,51.07,0.0
berbera,20020604,10.44,45.01,7.2713,33.51,5.27,6.66,43.88,0.0
berbera,20020605,10.44,45.01,6.9586,32.84,5.87,7.2,49.34,0.28
berbera,20020606,10.44,45.01,6.7459,32.32,6.24,7.52,53.99,3.31
berbera,20020607,10.44,45.01,6.6449,31.9,6.33,7.84,55.44,1.31
berbera,20020608,10.44,45.01,7.1162,31.92,6.3,7.65,52.88,0.08
berbera,20020609,10.44,45.01,7.0277,32.73,6.33,7.98,51.02,0.12
berbera,20020610,10.44,45.01,6.4414,32.87,6.81,8.74,50.04,0.0
berbera,20020611,10.44,45.01,7.0214,32.76,7.68,9.75,49.43,0.0
berbera,20020612,10.44,45.01,6.8237,32.82,8.3,10.46,47.95,0.0
berbera,20020613,10.44,45.01,6.3876,32.73,9.09,11.29,47.2,0.0
berbera,20020614,10.44,45.01,6.4795,32.7,7.8,9.7,47.26,0.01
berbera,20020615,10.44,45.01,6.1798,32.65,7.11,8.82,50.49,0.0
berbera,20020616,10.44,45.01,6.5839,32.93,7.2,9.06,47.18,0.0
berbera,20020617,10.44,45.01,6.4889,32.57,8.68,10.74,47.44,0.0
berbera,20020618,10.44,45.01,6.6362,32.2,7.8,9.66,50.21,0.0
berbera,20020619,10.44,45.01,6.8484,32.48,7.07,9.03,46.54,0.0
berbera,20020620,10.44,45.01,6.9089,32.99,7.55,9.77,44.95,0.0
berbera,20020621,10.44,45.01,6.8282,32.96,8.51,10.94,46.52,0.0
berbera,20020622,10.44,45.01,6.6257,32.53,7.55,9.8,45.88,0.0
berbera,20020623,10.44,45.01,6.611,32.1,8.09,10.47,46.98,0.0
berbera,20020624,10.44,45.01,6.7685,32.24,6.64,8.69,45.76,0.0
berbera,20020625,10.44,45.01,6.9578,32.45,6.04,7.98,47.85,0.0
berbera,20020626,10.44,45.01,6.9814,32.75,6.74,8.8,47.53,0.0
berbera,20020627,10.44,45.01,7.2175,32.82,7.36,9.55,46.37,0.0
berbera,20020628,10.44,45.01,6.9732,33.03,8.02,10.22,45.47,0.0
berbera,20020629,10.44,45.01,7.129,32.91,6.94,9.01,46.77,0.0
berbera,20020630,10.44,45.01,7.2173,33.11,6.82,8.9,45.07,0.0
berbera,20020701,10.44,45.01,6.983,33.15,6.71,8.9,44.75,0.0
berbera,20020702,10.44,45.01,6.8189,32.99,7.57,9.87,45.71,0.0
berbera,20020703,10.44,45.01,6.6482,32.98,6.92,8.96,48.05,0.0
berbera,20020704,10.44,45.01,6.912,33.79,7.94,9.96,45.33,0.0
berbera,20020705,10.44,45.01,6.8863,33.36,8.91,11.05,45.95,0.0
berbera,20020706,10.44,45.01,7.1254,33.46,9.54,11.92,43.71,0.0
berbera,20020707,10.44,45.01,7.2948,32.73,7.62,9.59,47.09,0.0
berbera,20020708,10.44,45.01,7.3356,32.67,7.21,9.01,44.63,0.0
berbera,20020709,10.44,45.01,7.2504,32.99,7.23,9.14,46.06,0.0
berbera,20020710,10.44,45.01,6.2681,33.47,7.84,9.95,44.81,0.01
berbera,20020711,10.44,45.01,6.0127,33.53,6.19,7.98,45.44,0.01
berbera,20020712,10.44,45.01,5.9578,33.55,6.36,8.27,45.16,0.22
berbera,20020713,10.44,45.01,6.2652,33.77,7.9,10.18,42.67,0.02
berbera,20020714,10.44,45.01,5.1264,33.3,8.63,11.05,42.56,0.0
berbera,20020715,10.44,45.01,4.7316,32.71,8.28,10.57,45.17,0.03
berbera,20020716,10.44,45.01,6.7253,32.59,7.07,9.05,46.63,0.01
berbera,20020717,10.44,45.01,6.9377,32.47,6.42,8.21,48.33,0.0
berbera,20020718,10.44,45.01,6.8554,32.68,6.06,7.87,46.66,0.0
berbera,20020719,10.44,45.01,6.57,33.2,6.52,8.5,44.98,0.0
berbera,20020720,10.44,45.01,6.3168,33.0,9.0,11.47,43.63,0.0
berbera,20020721,10.44,45.01,6.9127,33.58,9.31,11.81,40.25,0.0
berbera,20020722,10.44,45.01,7.1417,33.79,8.97,11.33,40.84,0.0
berbera,20020723,10.44,45.01,6.9974,33.61,9.27,11.62,39.67,0.0
berbera,20020724,10.44,45.01,6.7594,32.65,9.43,11.9,43.87,0.15
berbera,20020725,10.44,45.01,6.7966,32.48,8.51,10.84,42.8,0.03
berbera,20020726,10.44,45.01,6.342,32.71,6.97,9.03,41.61,0.0
berbera,20020727,10.44,45.01,6.4855,32.61,7.17,9.4,43.03,0.01
berbera,20020728,10.44,45.01,6.5782,32.11,8.04,10.35,46.9,0.02
berbera,20020729,10.44,45.01,6.9262,32.05,6.34,8.29,47.8,0.01
berbera,20020730,10.44,45.01,6.8623,32.76,7.41,9.55,43.48,0.0
berbera,20020731,10.44,45.01,6.942,33.36,9.11,11.26,41.39,0.0
berbera,20020801,10.44,45.01,6.9046,33.8,8.2,10.24,40.48,0.0
berbera,20020802,10.44,45.01,5.185,32.58,8.52,10.75,44.54,0.0
berbera,20020803,10.44,45.01,6.2078,31.88,8.66,10.95,47.45,0.0
berbera,20020804,10.44,45.01,5.5116,31.84,9.02,11.14,48.92,0.03
berbera,20020805,10.44,45.01,5.8742,32.23,7.68,9.85,47.85,0.01
berbera,20020806,10.44,45.01,6.421,32.18,7.23,9.53,49.4,0.01
berbera,20020807,10.44,45.01,6.7411,32.52,8.25,10.62,46.93,0.06
berbera,20020808,10.44,45.01,6.7363,32.18,9.98,12.7,46.51,0.01
berbera,20020809,10.44,45.01,5.5466,32.29,7.79,10.02,47.17,0.25
berbera,20020810,10.44,45.01,6.24,31.69,7.04,9.22,48.97,0.0
berbera,20020811,10.44,45.01,6.5995,32.9,10.04,12.8,43.24,0.02
berbera,20020812,10.44,45.01,6.6305,33.04,10.86,13.75,43.89,0.06
berbera,20020813,10.44,45.01,6.4495,32.87,8.16,10.65,45.1,0.21
berbera,20020814,10.44,45.01,6.9866,33.15,8.12,10.69,43.4,0.0
berbera,20020815,10.44,45.01,6.9178,33.3,8.21,10.75,43.45,0.05
berbera,20020816,10.44,45.01,6.785,33.01,7.94,10.34,42.64,0.0
berbera,20020817,10.44,45.01,6.612,32.9,8.02,10.38,42.36,0.0
berbera,20020818,10.44,45.01,5.9681,32.6,7.54,9.83,44.92,0.02
berbera,20020819,10.44,45.01,6.6986,31.84,6.05,8.07,50.49,0.07
berbera,20020820,10.44,45.01,6.7925,32.2,4.88,6.45,49.03,0.01
berbera,20020821,10.44,45.01,6.6242,32.94,5.19,6.86,44.9,0.02
berbera,20020822,10.44,45.01,6.9694,32.95,7.06,9.23,43.83,0.0
berbera,20020823,10.44,45.01,6.1836,32.54,8.55,11.0,45.76,0.03
berbera,20020824,10.44,45.01,6.853,32.14,6.77,8.78,47.29,0.01
berbera,20020825,10.44,45.01,6.9826,32.35,6.15,8.07,48.4,0.02
berbera,20020826,10.44,45.01,6.7097,32.77,5.54,7.28,48.33,0.02
berbera,20020827,10.44,45.01,7.0003,32.94,5.27,6.82,46.08,0.0
berbera,20020828,10.44,45.01,7.0262,33.24,5.05,6.6,45.95,0.0
berbera,20020829,10.44,45.01,7.0138,33.16,5.42,6.86,48.07,0.0
berbera,20020830,10.44,45.01,6.9142,32.67,6.18,7.94,50.93,0.0
berbera,20020831,10.44,45.01,6.491,32.62,5.42,7.28,50.17,0.01
berbera,20020901,10.44,45.01,6.7241,32.93,6.01,7.82,46.74,0.01
berbera,20020902,10.44,45.01,6.0593,31.81,5.23,6.6,54.07,0.0
berbera,20020903,10.44,45.01,6.5945,31.98,5.15,6.78,50.97,0.02
berbera,20020904,10.44,45.01,7.1496,32.75,5.35,6.81,48.35,0.01
berbera,20020905,10.44,45.01,7.0447,32.8,5.28,6.57,45.43,0.0
berbera,20020906,10.44,45.01,6.1913,32.57,5.04,6.14,51.4,0.19
berbera,20020907,10.44,45.01,6.4118,32.88,4.77,6.05,50.62,0.05
berbera,20020908,10.44,45.01,6.601,33.1,6.1,7.55,50.67,0.01
berbera,20020909,10.44,45.01,7.0145,32.85,5.01,6.07,50.5,0.0
berbera,20020910,10.44,45.01,7.1038,32.46,3.94,4.65,49.87,0.0
berbera,20020911,10.44,45.01,7.0874,31.97,2.73,3.11,53.95,0.01
berbera,20020912,10.44,45.01,6.5676,32.46,2.88,3.31,53.1,0.0
berbera,20020913,10.44,45.01,5.8414,32.77,4.03,4.79,54.5,0.49
berbera,20020914,10.44,45.01,6.738,32.52,5.12,6.07,52.36,0.47
berbera,20020915,10.44,45.01,6.0502,32.28,5.45,6.56,50.97,1.01
berbera,20020916,10.44,45.01,6.6427,32.32,5.02,6.08,49.96,0.05
berbera,20020917,10.44,45.01,6.4942,32.41,4.98,5.98,52.09,0.03
berbera,20020918,10.44,45.01,6.6514,32.37,4.65,5.63,52.14,0.0
berbera,20020919,10.44,45.01,6.8964,32.35,4.24,5.03,52.38,0.0
berbera,20020920,10.44,45.01,6.6528,32.4,4.32,5.04,56.33,0.03
berbera,20020921,10.44,45.01,6.7894,31.32,3.6,3.97,62.53,0.06
berbera,20020922,10.44,45.01,6.4322,30.33,2.67,2.84,67.98,0.03
berbera,20020923,10.44,45.01,6.0766,30.57,3.16,3.49,64.58,0.0
berbera,20020924,10.44,45.01,6.7207,30.67,2.19,2.36,60.92,0.0
berbera,20020925,10.44,45.01,6.8462,32.03,3.28,3.77,54.01,0.0
berbera,20020926,10.44,45.01,6.5311,32.12,3.82,4.27,55.42,0.0
berbera,20020927,10.44,45.01,6.457,31.39,3.61,4.12,63.08,0.0
berbera,20020928,10.44,45.01,6.5837,29.77,3.88,4.41,65.88,0.0
berbera,20020929,10.44,45.01,7.027,28.81,2.97,3.28,67.75,0.0
berbera,20020930,10.44,45.01,6.7512,29.37,3.16,3.42,64.94,0.0
berbera,20021001,10.44,45.01,6.7073,29.58,3.42,3.83,66.2,0.01
berbera,20021002,10.44,45.01,7.0694,29.37,4.87,5.63,65.47,0.02
berbera,20021003,10.44,45.01,6.5774,28.74,3.06,3.4,67.35,1.67
berbera,20021004,10.44,45.01,5.7799,29.42,3.58,3.98,66.73,1.85
berbera,20021005,10.44,45.01,6.0605,29.46,3.2,3.55,69.03,1.68
berbera,20021006,10.44,45.01,6.8558,28.92,2.56,2.74,71.32,1.09
berbera,20021007,10.44,45.01,6.5364,28.57,2.18,2.24,72.51,0.27
berbera,20021008,10.44,45.01,6.7121,28.64,2.62,2.93,67.46,0.19
berbera,20021009,10.44,45.01,6.834,29.03,3.11,3.46,64.9,0.11
berbera,20021010,10.44,45.01,6.4306,29.2,3.14,3.46,67.02,0.07
berbera,20021011,10.44,45.01,6.5124,29.08,3.33,3.75,67.51,0.21
berbera,20021012,10.44,45.01,6.4409,29.05,2.62,2.91,67.52,0.17
berbera,20021013,10.44,45.01,6.349,29.53,2.66,3.03,66.83,1.64
berbera,20021014,10.44,45.01,6.625,29.84,2.74,3.15,63.12,0.11
berbera,20021015,10.44,45.01,6.8234,30.04,3.23,3.79,61.57,3.72
berbera,20021016,10.44,45.01,6.6089,30.0,3.77,4.39,57.3,0.01
berbera,20021017,10.44,45.01,6.3787,29.46,4.26,4.89,59.6,0.0
berbera,20021018,10.44,45.01,6.749,28.69,4.0,4.48,62.25,0.0
berbera,20021019,10.44,45.01,6.7553,28.01,3.44,3.82,61.9,0.0
berbera,20021020,10.44,45.01,6.7934,28.14,3.77,4.16,63.56,0.01
berbera,20021021,10.44,45.01,6.5441,28.61,3.81,4.11,67.31,0.01
berbera,20021022,10.44,45.01,6.455,28.65,4.51,4.93,73.26,0.0
berbera,20021023,10.44,45.01,6.2246,28.01,4.28,4.75,72.77,0.1
berbera,20021024,10.44,45.01,6.4195,27.46,3.1,3.39,68.11,0.04
berbera,20021025,10.44,45.01,6.4459,27.52,3.69,4.14,70.64,0.12
berbera,20021026,10.44,45.01,6.546,27.51,4.0,4.42,67.51,0.08
berbera,20021027,10.44,45.01,5.5522,27.78,4.15,4.66,73.67,0.17
berbera,20021028,10.44,45.01,6.2844,28.58,3.41,3.81,66.47,0.0
berbera,20021029,10.44,45.01,6.4906,28.41,3.88,4.41,59.36,0.0
berbera,20021030,10.44,45.01,6.4951,28.03,4.0,4.52,59.09,0.0
berbera,20021031,10.44,45.01,6.3732,27.46,4.12,4.59,64.82,0.0
berbera,20021101,10.44,45.01,6.3893,26.94,3.28,3.55,69.05,0.0
berbera,20021102,10.44,45.01,6.2345,27.4,3.7,4.07,69.38,0.0
berbera,20021103,10.44,45.01,6.3242,27.63,4.64,5.17,71.62,0.0
berbera,20021104,10.44,45.01,5.3854,27.89,4.97,5.54,72.68,0.0
berbera,20021105,10.44,45.01,5.5894,27.53,5.86,6.74,72.56,0.0
berbera,20021106,10.44,45.01,6.0782,26.83,3.19,3.56,67.46,0.0
berbera,20021107,10.44,45.01,6.4046,27.23,3.05,3.41,67.1,0.0
berbera,20021108,10.44,45.01,6.4126,27.2,3.26,3.66,64.54,0.0
berbera,20021109,10.44,45.01,6.276,27.16,3.93,4.53,61.7,0.0
berbera,20021110,10.44,45.01,6.1154,26.98,4.32,4.98,63.51,0.0
berbera,20021111,10.44,45.01,6.2486,26.54,4.18,4.79,64.6,0.0
berbera,20021112,10.44,45.01,6.3886,26.09,3.14,3.48,66.25,0.0
berbera,20021113,10.44,45.01,6.3154,26.46,3.68,4.05,67.4,0.0
berbera,20021114,10.44,45.01,6.385,26.18,3.49,3.85,69.55,0.0
berbera,20021115,10.44,45.01,6.2251,26.14,4.4,5.02,71.32,0.0
berbera,20021116,10.44,45.01,6.3514,25.78,4.81,5.57,71.34,0.0
berbera,20021117,10.44,45.01,6.349,25.68,4.38,5.07,69.55,0.0
berbera,20021118,10.44,45.01,5.8704,25.62,4.73,5.48,71.52,0.0
berbera,20021119,10.44,45.01,5.7586,26.18,4.74,5.48,71.85,0.0
berbera,20021120,10.44,45.01,5.2598,26.49,5.2,5.98,75.34,0.0
berbera,20021121,10.44,45.01,5.6251,26.55,5.42,6.34,70.34,0.0
berbera,20021122,10.44,45.01,5.9028,26.07,4.47,5.14,68.52,0.0
berbera,20021123,10.44,45.01,6.1094,25.86,4.31,4.98,67.67,0.0
berbera,20021124,10.44,45.01,6.1054,25.79,4.2,4.8,64.55,0.0
berbera,20021125,10.44,45.01,6.0763,25.97,3.45,3.89,64.53,0.0
berbera,20021126,10.44,45.01,6.1253,26.05,3.51,3.93,66.44,0.0
berbera,20021127,10.44,45.01,6.0139,25.83,4.26,4.84,66.85,0.0
berbera,20021128,10.44,45.01,6.0173,25.63,4.99,5.79,73.59,0.0
berbera,20021129,10.44,45.01,5.5891,26.0,5.36,6.19,72.73,0.0
berbera,20021130,10.44,45.01,5.3978,26.34,5.0,5.6,74.85,0.0
berbera,20021201,10.44,45.01,5.3551,26.65,4.7,5.24,77.18,0.0
berbera,20021202,10.44,45.01,4.9711,26.77,4.58,5.15,79.13,0.0
berbera,20021203,10.44,45.01,5.3112,26.67,5.2,6.0,78.96,0.0
berbera,20021204,10.44,45.01,5.5862,26.23,5.55,6.46,74.34,0.0
berbera,20021205,10.44,45.01,5.7218,25.71,5.34,6.22,71.43,0.0
berbera,20021206,10.44,45.01,6.0408,25.15,4.66,5.38,69.15,0.0
berbera,20021207,10.44,45.01,5.9102,25.17,4.98,5.77,71.47,0.0
berbera,20021208,10.44,45.01,5.6815,25.52,4.81,5.48,74.32,0.0
berbera,20021209,10.44,45.01,5.6666,25.76,4.59,5.22,73.98,0.0
berbera,20021210,10.44,45.01,5.603,25.89,4.68,5.3,74.92,0.0
berbera,20021211,10.44,45.01,5.4012,25.8,3.65,4.1,75.1,0.0
berbera,20021212,10.44,45.01,5.3724,25.82,4.12,4.65,73.58,0.0
berbera,20021213,10.44,45.01,4.2098,26.26,5.11,5.72,78.64,0.0
berbera,20021214,10.44,45.01,4.4892,26.27,6.02,6.79,77.23,0.0
berbera,20021215,10.44,45.01,5.351,26.09,5.15,5.92,75.17,0.0
berbera,20021216,10.44,45.01,5.4852,25.8,4.93,5.68,72.59,0.0
berbera,20021217,10.44,45.01,5.8082,25.7,3.85,4.33,70.84,0.0
berbera,20021218,10.44,45.01,5.8402,25.19,3.21,3.58,72.16,0.0
berbera,20021219,10.44,45.01,5.8606,25.2,3.27,3.71,67.97,0.0
berbera,20021220,10.44,45.01,5.8822,25.48,3.93,4.39,70.34,0.0
berbera,20021221,10.44,45.01,5.3386,25.89,4.03,4.41,74.88,0.0
berbera,20021222,10.44,45.01,5.256,25.97,3.29,3.61,75.42,0.08
berbera,20021223,10.44,45.01,5.6546,25.96,3.34,3.64,75.3,0.02
berbera,20021224,10.44,45.01,5.2822,25.94,4.29,4.67,76.51,0.26
berbera,20021225,10.44,45.01,5.1698,26.15,4.18,4.53,78.6,0.15
berbera,20021226,10.44,45.01,2.7746,25.82,5.39,6.0,79.05,0.65
berbera,20021227,10.44,45.01,3.8786,25.86,6.08,6.87,78.98,1.27
berbera,20021228,10.44,45.01,4.7741,25.91,4.7,5.25,78.54,0.54
berbera,20021229,10.44,45.01,4.7292,25.71,4.89,5.48,76.66,0.26
berbera,20021230,10.44,45.01,4.6447,25.43,7.38,8.53,74.12,0.16
berbera,20021231,10.44,45.01,5.5222,25.23,5.73,6.68,67.75,0.02
berbera,20030101,10.44,45.01,5.718,24.73,4.1,4.66,67.79,0.0
berbera,20030102,10.44,45.01,5.8102,24.61,4.93,5.74,67.71,0.0
berbera,20030103,10.44,45.01,5.9844,24.55,5.21,6.08,67.05,0.0
berbera,20030104,10.44,45.01,5.7754,24.18,4.0,4.52,67.51,0.0
berbera,20030105,10.44,45.01,5.6071,24.05,4.3,4.93,71.28,0.0
berbera,20030106,10.44,45.01,5.8956,24.52,6.27,7.45,70.81,0.0
berbera,20030107,10.44,45.01,5.6981,24.39,6.14,7.32,66.17,0.0
berbera,20030108,10.44,45.01,5.677,23.88,5.14,5.96,64.75,0.0
berbera,20030109,10.44,45.01,5.9515,23.51,4.4,5.04,66.24,0.0
berbera,20030110,10.44,45.01,5.4629,23.48,4.48,5.16,68.57,0.0
berbera,20030111,10.44,45.01,5.9594,23.56,5.15,6.03,66.77,0.0
berbera,20030112,10.44,45.01,5.6623,23.77,5.77,6.8,65.4,0.0
berbera,20030113,10.44,45.01,5.8968,24.13,5.92,7.03,63.4,0.0
berbera,20030114,10.44,45.01,5.9054,24.06,5.95,6.99,66.04,0.0
berbera,20030115,10.44,45.01,5.8286,24.05,4.71,5.36,70.87,0.0
berbera,20030116,10.44,45.01,5.904,24.65,4.08,4.4,74.44,0.0
berbera,20030117,10.44,45.01,4.7047,24.94,3.94,4.19,77.56,0.02
berbera,20030118,10.44,45.01,4.027,24.79,3.95,4.38,81.27,0.15
berbera,20030119,10.44,45.01,4.8137,25.36,5.38,6.19,79.32,0.07
berbera,20030120,10.44,45.01,5.1931,25.5,5.75,6.55,77.16,0.05
berbera,20030121,10.44,45.01,5.2471,25.81,5.98,6.82,75.32,0.01
berbera,20030122,10.44,45.01,5.6585,25.3,5.25,5.86,76.45,0.01
berbera,20030123,10.44,45.01,5.5877,25.2,4.6,5.08,75.46,0.0
berbera,20030124,10.44,45.01,5.9143,24.97,3.21,3.54,76.75,0.0
berbera,20030125,10.44,45.01,5.8838,25.34,4.32,4.76,76.26,0.0
berbera,20030126,10.44,45.01,5.8354,25.46,4.63,5.06,75.6,0.01
berbera,20030127,10.44,45.01,6.0144,25.68,4.84,5.37,75.96,0.0
berbera,20030128,10.44,45.01,5.6045,25.94,4.73,5.28,75.44,0.0
berbera,20030129,10.44,45.01,6.0216,26.3,4.79,5.43,71.65,0.0
berbera,20030130,10.44,45.01,6.4099,25.87,3.4,3.67,74.06,0.0
berbera,20030131,10.44,45.01,6.113,25.35,3.08,3.31,74.77,0.0
berbera,20030201,10.44,45.01,6.4111,24.96,3.82,4.28,74.68,0.0
berbera,20030202,10.44,45.01,6.0742,25.17,4.53,5.03,76.5,0.0
berbera,20030203,10.44,45.01,5.917,25.83,5.07,5.66,74.92,0.0
berbera,20030204,10.44,45.01,6.1843,26.01,4.92,5.56,72.94,0.0
berbera,20030205,10.44,45.01,5.7158,25.19,4.0,4.37,77.3,0.0
berbera,20030206,10.44,45.01,5.3683,24.96,3.44,3.86,72.07,0.0
berbera,20030207,10.44,45.01,6.0602,24.71,5.09,5.91,72.94,0.0
berbera,20030208,10.44,45.01,6.5726,24.47,4.8,5.53,67.33,0.0
berbera,20030209,10.44,45.01,6.6031,24.14,3.44,3.89,70.36,0.0
berbera,20030210,10.44,45.01,6.7558,24.21,3.49,3.88,71.48,0.0
berbera,20030211,10.44,45.01,6.7774,23.99,4.32,4.92,70.63,0.0
berbera,20030212,10.44,45.01,6.6718,23.78,4.51,5.11,70.9,0.0
berbera,20030213,10.44,45.01,6.1978,24.6,5.08,5.79,71.63,0.0
berbera,20030214,10.44,45.01,6.1889,25.37,4.24,4.62,70.88,0.0
berbera,20030215,10.44,45.01,6.2198,25.16,3.26,3.44,73.91,0.0
berbera,20030216,10.44,45.01,6.2774,25.48,2.98,3.08,74.26,0.0
berbera,20030217,10.44,45.01,6.1512,25.77,2.89,3.09,74.7,0.0
berbera,20030218,10.44,45.01,6.6125,26.58,4.35,4.89,72.51,0.01
berbera,20030219,10.44,45.01,6.3665,27.35,4.84,5.52,71.3,0.01
berbera,20030220,10.44,45.01,6.6048,27.71,4.7,5.47,68.18,0.0
berbera,20030221,10.44,45.01,6.6581,27.34,4.5,5.17,69.21,0.0
berbera,20030222,10.44,45.01,6.5182,27.15,3.85,4.3,70.19,0.0
berbera,20030223,10.44,45.01,6.377,26.85,4.18,4.59,75.73,0.0
berbera,20030224,10.44,45.01,6.4018,27.02,4.08,4.43,73.01,0.0
berbera,20030225,10.44,45.01,6.3862,26.88,4.29,4.63,76.35,0.72
berbera,20030226,10.44,45.01,6.3382,26.49,3.27,3.45,75.69,0.64
berbera,20030227,10.44,45.01,6.5083,26.24,2.29,2.32,77.37,0.34
berbera,20030228,10.44,45.01,6.0857,26.31,2.23,2.32,77.67,2.02
berbera,20030301,10.44,45.01,6.3854,26.95,3.55,3.9,74.35,1.04
berbera,20030302,10.44,45.01,6.5647,26.75,5.68,6.49,73.97,0.11
berbera,20030303,10.44,45.01,6.5491,26.45,6.06,6.82,70.19,0.01
berbera,20030304,10.44,45.01,5.6498,25.92,5.61,6.2,74.23,0.02
berbera,20030305,10.44,45.01,6.8129,25.33,5.23,5.83,71.64,0.02
berbera,20030306,10.44,45.01,6.5897,25.25,5.47,6.0,74.99,0.03
berbera,20030307,10.44,45.01,6.719,25.39,4.71,5.22,74.4,0.0
berbera,20030308,10.44,45.01,6.8549,25.67,4.33,4.7,74.55,0.0
berbera,20030309,10.44,45.01,6.5537,26.04,4.42,4.85,74.8,0.0
berbera,20030310,10.44,45.01,7.0992,26.39,4.03,4.46,72.36,0.0
berbera,20030311,10.44,45.01,7.0606,26.45,3.84,4.18,71.22,0.0
berbera,20030312,10.44,45.01,7.0238,26.34,3.65,3.98,71.47,0.0
berbera,20030313,10.44,45.01,7.0363,26.81,3.09,3.3,71.18,0.0
berbera,20030314,10.44,45.01,6.7044,26.58,3.49,3.65,72.77,0.0
berbera,20030315,10.44,45.01,6.9682,26.96,4.69,5.18,71.17,0.0
berbera,20030316,10.44,45.01,6.797,27.06,4.53,4.97,73.24,0.0
berbera,20030317,10.44,45.01,6.989,28.0,4.29,4.78,67.11,0.0
berbera,20030318,10.44,45.01,6.8398,27.72,3.72,3.93,69.83,0.0
berbera,20030319,10.44,45.01,6.7366,27.97,3.74,4.23,72.34,0.03
berbera,20030320,10.44,45.01,6.2388,27.4,3.91,4.2,76.08,0.04
berbera,20030321,10.44,45.01,6.4925,26.86,3.75,3.9,75.44,0.05
berbera,20030322,10.44,45.01,6.8736,27.06,3.97,4.22,72.37,0.0
berbera,20030323,10.44,45.01,6.7406,26.83,4.04,4.26,71.62,0.0
berbera,20030324,10.44,45.01,6.863,27.37,4.29,4.65,70.46,0.0
berbera,20030325,10.44,45.01,6.9756,28.37,4.93,5.58,71.8,0.0
berbera,20030326,10.44,45.01,7.2362,29.0,4.91,5.73,65.32,0.0
berbera,20030327,10.44,45.01,7.309,28.27,3.42,3.64,66.25,0.0
berbera,20030328,10.44,45.01,7.0406,28.0,3.34,3.55,72.69,0.0
berbera,20030329,10.44,45.01,6.8311,27.8,3.57,3.85,75.04,0.0
berbera,20030330,10.44,45.01,6.851,27.95,4.3,4.69,75.75,0.0
berbera,20030331,10.44,45.01,7.1208,28.44,4.64,5.23,69.34,0.0
berbera,20030401,10.44,45.01,7.0596,27.76,3.99,4.33,71.19,0.0
berbera,20030402,10.44,45.01,7.2989,27.7,4.47,4.89,69.8,0.0
berbera,20030403,10.44,45.01,7.5386,27.9,3.64,3.96,71.05,0.0
berbera,20030404,10.44,45.01,7.5946,28.81,3.68,4.3,60.38,0.0
berbera,20030405,10.44,45.01,7.5746,29.82,3.84,4.62,48.34,0.0
berbera,20030406,10.44,45.01,7.523,30.06,4.52,5.46,49.18,0.0
berbera,20030407,10.44,45.01,7.2278,28.99,6.06,7.14,60.83,0.0
berbera,20030408,10.44,45.01,6.7536,28.14,5.55,6.3,68.94,0.0
berbera,20030409,10.44,45.01,7.1532,28.2,4.67,5.26,63.66,0.0
berbera,20030410,10.44,45.01,7.4054,27.83,3.92,4.31,67.14,0.0
berbera,20030411,10.44,45.01,7.349,28.66,4.33,4.77,64.92,0.0
berbera,20030412,10.44,45.01,7.0519,30.12,4.08,4.67,65.38,0.0
berbera,20030413,10.44,45.01,5.9249,31.31,3.61,4.63,61.57,0.0
berbera,20030414,10.44,45.01,6.288,30.57,3.8,4.84,66.76,0.0
berbera,20030415,10.44,45.01,5.1564,29.0,2.66,3.11,72.17,0.0
berbera,20030416,10.44,45.01,6.5738,29.32,3.42,4.04,73.14,1.07
berbera,20030417,10.44,45.01,6.6137,29.56,4.18,4.98,70.02,0.99
berbera,20030418,10.44,45.01,6.2273,29.35,3.86,4.57,72.89,2.76
berbera,20030419,10.44,45.01,5.8306,29.35,3.52,4.12,71.94,1.12
berbera,20030420,10.44,45.01,6.1284,30.28,3.56,4.34,65.69,0.45
berbera,20030421,10.44,45.01,6.7894,31.19,4.67,5.62,62.45,0.44
berbera,20030422,10.44,45.01,6.7961,30.83,4.32,5.2,67.62,10.95
berbera,20030423,10.44,45.01,4.4532,27.38,2.12,2.32,82.58,41.31
berbera,20030424,10.44,45.01,5.4355,27.35,2.46,2.75,83.47,36.82
berbera,20030425,10.44,45.01,6.9144,28.8,3.32,4.0,73.71,8.65
berbera,20030426,10.44,45.01,7.1326,28.93,3.14,3.75,70.34,0.22
berbera,20030427,10.44,45.01,6.6538,29.41,3.63,4.41,65.6,0.08
berbera,20030428,10.44,45.01,6.2664,29.22,2.72,3.09,71.94,0.26
berbera,20030429,10.44,45.01,6.611,28.28,2.11,2.24,76.17,0.27
berbera,20030430,10.44,45.01,7.1674,28.18,2.45,2.85,73.65,0.19
berbera,20030501,10.44,45.01,6.5597,28.35,2.29,2.67,61.55,0.71
berbera,20030502,10.44,45.01,6.9098,29.25,2.66,3.08,59.0,0.0
berbera,20030503,10.44,45.01,6.3221,29.72,3.11,3.69,63.96,0.13
berbera,20030504,10.44,45.01,6.3845,29.81,2.26,2.68,62.71,1.0
berbera,20030505,10.44,45.01,6.3156,29.39,2.48,2.86,61.4,0.81
berbera,20030506,10.44,45.01,6.6043,28.73,2.37,2.71,65.56,0.23
berbera,20030507,10.44,45.01,6.4908,29.55,3.35,3.9,69.35,0.06
berbera,20030508,10.44,45.01,4.427,30.4,2.9,4.1,69.31,0.44
berbera,20030509,10.44,45.01,6.8746,30.15,3.66,4.86,69.94,0.61
berbera,20030510,10.44,45.01,6.8611,29.63,2.65,3.46,67.91,0.59
berbera,20030511,10.44,45.01,5.7353,29.8,3.54,4.18,65.37,0.62
berbera,20030512,10.44,45.01,6.7469,30.51,3.21,3.74,65.37,2.61
berbera,20030513,10.44,45.01,6.3396,30.73,3.02,3.6,68.09,5.91
berbera,20030514,10.44,45.01,7.1777,31.39,3.97,5.12,64.31,1.43
berbera,20030515,10.44,45.01,6.9017,31.4,5.64,7.16,62.07,0.57
berbera,20030516,10.44,45.01,6.7368,30.79,4.27,5.21,62.34,0.0
berbera,20030517,10.44,45.01,7.3382,30.81,3.12,3.78,63.62,0.0
berbera,20030518,10.44,45.01,7.3829,31.41,3.79,4.63,59.1,0.0
berbera,20030519,10.44,45.01,7.2902,31.56,3.69,4.46,60.91,0.0
berbera,20030520,10.44,45.01,6.9103,31.85,3.81,4.66,63.51,0.0
berbera,20030521,10.44,45.01,6.4922,31.74,2.85,3.45,61.27,0.02
berbera,20030522,10.44,45.01,6.6458,31.2,2.98,3.61,64.06,0.04
berbera,20030523,10.44,45.01,6.9691,30.67,2.8,3.19,64.52,0.0
berbera,20030524,10.44,45.01,6.9341,31.26,2.99,3.54,61.29,0.09
berbera,20030525,10.44,45.01,6.8095,31.51,3.82,4.54,61.71,0.01
berbera,20030526,10.44,45.01,6.655,31.25,4.69,5.72,63.87,2.47
berbera,20030527,10.44,45.01,6.8957,31.73,4.64,5.71,59.17,0.31
berbera,20030528,10.44,45.01,7.2118,31.47,4.35,5.26,61.08,0.0
berbera,20030529,10.44,45.01,6.929,32.11,4.49,5.46,61.32,0.05
berbera,20030530,10.44,45.01,7.0788,31.94,4.02,4.84,62.07,0.34
berbera,20030531,10.44,45.01,7.0534,31.84,3.79,4.67,63.82,0.27
berbera,20030601,10.44,45.01,6.9552,31.5,3.32,3.88,63.82,0.39
berbera,20030602,10.44,45.01,6.649,31.27,2.71,3.07,61.89,1.34
berbera,20030603,10.44,45.01,6.6552,30.4,2.86,3.25,65.4,0.52
berbera,20030604,10.44,45.01,6.9463,31.05,3.06,3.59,57.69,0.16
berbera,20030605,10.44,45.01,7.4208,31.23,3.36,3.83,56.96,0.0
berbera,20030606,10.44,45.01,6.835,31.61,3.22,3.77,56.83,0.0
berbera,20030607,10.44,45.01,6.8825,32.1,3.81,4.7,54.76,0.0
berbera,20030608,10.44,45.01,6.5126,32.19,5.3,6.61,53.21,0.0
berbera,20030609,10.44,45.01,6.5438,32.5,6.62,8.37,52.18,0.0
berbera,20030610,10.44,45.01,6.7138,31.87,6.92,8.55,54.77,0.0
berbera,20030611,10.44,45.01,5.4197,31.96,6.52,7.9,52.05,0.0
berbera,20030612,10.44,45.01,6.7987,32.29,7.46,9.16,50.43,0.0
berbera,20030613,10.44,45.01,6.8263,32.25,8.59,10.58,50.63,0.0
berbera,20030614,10.44,45.01,6.215,32.12,7.98,9.99,51.81,0.0
berbera,20030615,10.44,45.01,6.4471,32.22,7.7,9.65,51.47,0.0
berbera,20030616,10.44,45.01,6.9331,32.14,8.47,10.55,51.84,0.0
berbera,20030617,10.44,45.01,6.9509,32.09,7.76,9.58,52.37,0.0
berbera,20030618,10.44,45.01,6.8938,32.06,8.19,9.89,48.81,0.0
berbera,20030619,10.44,45.01,6.9418,32.72,8.29,10.22,48.23,0.0
berbera,20030620,10.44,45.01,7.0056,32.66,8.3,10.26,50.46,0.0
berbera,20030621,10.44,45.01,6.8098,32.93,8.02,10.05,51.13,0.0
berbera,20030622,10.44,45.01,6.0715,32.77,7.65,9.62,50.83,0.22
berbera,20030623,10.44,45.01,5.5692,32.69,8.19,10.28,51.31,0.0
berbera,20030624,10.44,45.01,6.5122,32.67,8.16,10.25,50.48,0.01
berbera,20030625,10.44,45.01,6.6672,32.6,8.23,10.25,51.23,0.19
berbera,20030626,10.44,45.01,6.324,32.31,8.33,10.38,50.88,0.59
berbera,20030627,10.44,45.01,5.5745,32.15,7.78,9.72,52.24,0.5
berbera,20030628,10.44,45.01,5.9974,32.39,8.33,10.28,50.09,0.99
berbera,20030629,10.44,45.01,5.959,31.43,10.4,12.88,53.38,2.45
berbera,20030630,10.44,45.01,6.1838,32.11,10.45,13.03,48.78,0.15
berbera,20030701,10.44,45.01,6.3614,31.89,8.48,10.59,50.27,0.51
berbera,20030702,10.44,45.01,6.2796,31.92,7.54,9.49,51.86,0.08
berbera,20030703,10.44,45.01,5.1658,31.87,7.63,9.61,53.88,1.32
berbera,20030704,10.44,45.01,5.9662,31.64,7.85,9.85,51.87,0.36
berbera,20030705,10.44,45.01,6.329,31.5,7.97,10.07,50.17,0.03
berbera,20030706,10.44,45.01,5.8116,31.22,7.59,9.71,56.06,0.0
berbera,20030707,10.44,45.01,4.6519,31.37,10.37,12.91,49.18,0.01
berbera,20030708,10.44,45.01,5.8111,31.61,11.8,14.64,46.15,0.02
berbera,20030709,10.44,45.01,6.161,32.16,11.17,13.94,47.42,0.0
berbera,20030710,10.44,45.01,3.114,31.57,10.32,12.97,50.35,0.0
berbera,20030711,10.44,45.01,6.2825,31.9,10.28,13.09,50.11,0.0
berbera,20030712,10.44,45.01,6.1279,31.87,9.04,11.63,49.33,0.0
berbera,20030713,10.44,45.01,6.325,31.6,9.27,12.05,47.17,0.0
berbera,20030714,10.44,45.01,6.1759,31.68,9.19,12.04,49.29,0.0
berbera,20030715,10.44,45.01,6.1524,31.39,8.59,11.21,51.21,0.0
berbera,20030716,10.44,45.01,6.539,30.85,8.3,10.72,49.32,0.0
berbera,20030717,10.44,45.01,6.7447,31.55,9.08,11.48,46.72,0.0
berbera,20030718,10.44,45.01,5.958,30.94,9.02,11.54,49.26,0.0
berbera,20030719,10.44,45.01,6.565,32.01,9.59,12.25,45.73,0.01
berbera,20030720,10.44,45.01,6.8268,32.17,7.1,9.52,47.87,0.0
berbera,20030721,10.44,45.01,6.5539,32.29,9.02,11.98,46.47,0.0
berbera,20030722,10.44,45.01,6.1538,32.31,8.69,11.36,45.26,0.0
berbera,20030723,10.44,45.01,6.3905,32.02,8.36,11.2,47.97,0.0
berbera,20030724,10.44,45.01,6.4454,31.82,8.67,11.41,47.64,0.0
berbera,20030725,10.44,45.01,5.4816,31.81,8.91,11.72,47.69,0.01
berbera,20030726,10.44,45.01,6.4826,31.62,7.81,10.29,47.78,0.0
berbera,20030727,10.44,45.01,6.4349,31.82,7.5,9.88,46.82,0.13
berbera,20030728,10.44,45.01,6.2851,31.56,7.07,9.49,49.23,0.02
berbera,20030729,10.44,45.01,6.4262,31.59,6.44,8.74,49.5,0.04
berbera,20030730,10.44,45.01,4.9742,30.65,8.0,10.89,54.86,4.54
berbera,20030731,10.44,45.01,6.2484,30.7,7.66,9.94,53.6,1.35
berbera,20030801,10.44,45.01,6.8266,30.8,7.28,9.35,50.89,0.72
berbera,20030802,10.44,45.01,6.5141,30.65,8.03,10.38,52.87,0.96
berbera,20030803,10.44,45.01,6.6602,30.98,10.26,12.82,50.68,0.12
berbera,20030804,10.44,45.01,6.7037,31.34,9.96,12.4,48.24,0.0
berbera,20030805,10.44,45.01,6.7963,31.1,8.51,10.83,48.12,0.0
berbera,20030806,10.44,45.01,6.8323,31.17,10.71,13.78,46.87,0.0
berbera,20030807,10.44,45.01,6.8417,31.35,10.56,13.54,45.45,0.0
berbera,20030808,10.44,45.01,4.3229,30.81,10.3,13.53,47.85,0.0
berbera,20030809,10.44,45.01,6.383,30.49,7.55,9.8,53.18,0.59
berbera,20030810,10.44,45.01,6.7452,31.49,8.54,10.81,49.83,0.43
berbera,20030811,10.44,45.01,6.9893,31.13,7.13,9.23,49.54,0.44
berbera,20030812,10.44,45.01,6.8249,31.14,6.48,8.39,51.82,0.17
berbera,20030813,10.44,45.01,6.8076,31.55,6.61,8.62,52.11,0.75
berbera,20030814,10.44,45.01,7.0162,31.64,7.68,9.92,51.48,1.65
berbera,20030815,10.44,45.01,6.4087,30.25,8.44,10.84,59.37,17.94
berbera,20030816,10.44,45.01,5.6177,29.9,7.62,9.78,64.84,42.77
berbera,20030817,10.44,45.01,6.893,29.48,7.26,9.11,64.71,4.69
berbera,20030818,10.44,45.01,7.0044,29.45,9.06,11.26,60.78,1.48
berbera,20030819,10.44,45.01,7.2924,30.09,9.63,12.06,58.78,0.1
berbera,20030820,10.44,45.01,6.8537,30.65,9.16,11.52,57.87,0.35
berbera,20030821,10.44,45.01,5.5222,30.5,9.51,12.14,60.08,0.55
berbera,20030822,10.44,45.01,6.2014,29.84,8.01,10.3,59.91,0.16
berbera,20030823,10.44,45.01,6.8419,29.99,8.28,10.51,57.98,0.1
berbera,20030824,10.44,45.01,7.0776,30.36,8.17,10.22,56.23,0.0
berbera,20030825,10.44,45.01,5.9141,29.8,6.41,8.12,60.74,0.0
berbera,20030826,10.44,45.01,6.7608,30.88,5.67,7.4,58.98,0.0
berbera,20030827,10.44,45.01,6.6223,30.99,6.12,7.9,58.06,0.0
berbera,20030828,10.44,45.01,6.8297,30.84,7.65,9.67,56.27,0.0
berbera,20030829,10.44,45.01,6.9329,30.62,7.57,9.38,53.57,0.0
berbera,20030830,10.44,45.01,7.057,30.63,8.04,9.86,52.06,0.0
berbera,20030831,10.44,45.01,7.1126,31.1,8.68,10.69,51.97,0.0
berbera,20030901,10.44,45.01,7.0255,30.91,8.47,10.68,54.4,0.0
berbera,20030902,10.44,45.01,6.978,30.94,7.54,9.43,54.84,0.0
berbera,20030903,10.44,45.01,6.4987,31.2,7.77,9.73,55.25,0.27
berbera,20030904,10.44,45.01,6.5808,31.19,8.24,10.26,54.99,3.94
berbera,20030905,10.44,45.01,6.7774,31.2,9.02,11.2,54.39,1.4
berbera,20030906,10.44,45.01,6.0377,30.61,7.97,10.01,58.98,6.53
berbera,20030907,10.44,45.01,6.3974,30.17,7.64,9.53,60.94,3.99
berbera,20030908,10.44,45.01,6.0446,30.13,6.75,8.36,59.9,1.34
berbera,20030909,10.44,45.01,6.8426,30.4,5.82,7.1,59.71,0.59
berbera,20030910,10.44,45.01,7.1035,31.08,7.27,9.07,56.18,0.06
berbera,20030911,10.44,45.01,6.6874,31.52,8.7,10.95,54.06,0.15
berbera,20030912,10.44,45.01,4.9632,31.4,7.45,9.24,53.66,0.13
berbera,20030913,10.44,45.01,6.7666,31.56,7.14,8.88,53.7,0.04
berbera,20030914,10.44,45.01,6.6372,31.78,6.27,7.78,53.52,1.09
berbera,20030915,10.44,45.01,6.7402,31.16,6.27,7.63,57.32,0.9
berbera,20030916,10.44,45.01,7.0171,31.1,5.61,6.76,55.71,0.0
berbera,20030917,10.44,45.01,6.8786,31.15,6.09,7.44,56.21,0.0
berbera,20030918,10.44,45.01,6.7601,31.56,5.09,6.27,54.84,0.0
berbera,20030919,10.44,45.01,6.6206,31.74,4.9,5.91,55.63,0.0
berbera,20030920,10.44,45.01,6.7466,31.92,4.43,5.39,57.02,0.0
berbera,20030921,10.44,45.01,6.7514,31.72,4.47,5.45,57.4,0.0
berbera,20030922,10.44,45.01,6.6814,31.97,3.82,4.68,56.84,0.0
berbera,20030923,10.44,45.01,6.6211,32.02,4.7,5.71,57.42,0.71
berbera,20030924,10.44,45.01,6.7176,31.67,4.73,5.65,58.17,2.37
berbera,20030925,10.44,45.01,6.559,32.07,4.14,4.98,55.18,0.27
berbera,20030926,10.44,45.01,6.7128,32.05,4.8,5.86,55.07,0.14
berbera,20030927,10.44,45.01,6.4428,31.75,4.61,5.59,57.89,0.32
berbera,20030928,10.44,45.01,6.581,31.18,3.43,3.93,59.02,0.0
berbera,20030929,10.44,45.01,6.5712,30.92,4.13,4.98,61.27,0.0
berbera,20030930,10.44,45.01,6.6895,30.99,3.53,4.31,57.86,0.0
berbera,20031001,10.44,45.01,6.5986,30.71,3.35,3.93,58.5,0.0
berbera,20031002,10.44,45.01,6.893,30.26,3.18,3.72,59.95,0.0
berbera,20031003,10.44,45.01,7.0512,29.44,3.3,3.77,64.11,0.21
berbera,20031004,10.44,45.01,6.8926,29.15,4.27,4.93,63.87,0.02
berbera,20031005,10.44,45.01,7.2084,28.59,3.33,3.73,64.61,0.01
berbera,20031006,10.44,45.01,6.9341,29.03,2.47,2.71,62.03,0.05
berbera,20031007,10.44,45.01,6.9326,30.03,2.49,2.73,57.19,0.0
berbera,20031008,10.44,45.01,6.8652,30.85,2.82,3.27,50.51,0.0
berbera,20031009,10.44,45.01,6.7385,30.95,3.31,3.92,54.35,0.0
berbera,20031010,10.44,45.01,6.5832,29.63,3.37,3.84,64.91,0.0
berbera,20031011,10.44,45.01,6.781,29.21,3.55,4.02,68.26,0.0
berbera,20031012,10.44,45.01,6.8642,28.84,3.59,4.07,68.01,0.0
berbera,20031013,10.44,45.01,6.7162,28.97,4.84,5.61,66.51,0.0
berbera,20031014,10.44,45.01,6.8657,28.35,4.62,5.36,69.24,0.02
berbera,20031015,10.44,45.01,5.4286,28.33,3.67,4.13,70.89,0.06
berbera,20031016,10.44,45.01,6.6019,28.29,4.02,4.56,71.49,0.03
berbera,20031017,10.44,45.01,6.7598,28.11,4.35,4.94,69.8,0.02
berbera,20031018,10.44,45.01,6.8561,28.32,4.06,4.69,70.51,0.0
berbera,20031019,10.44,45.01,6.6818,28.71,4.36,5.02,68.93,0.0
berbera,20031020,10.44,45.01,6.7337,28.41,3.94,4.49,67.35,0.0
berbera,20031021,10.44,45.01,6.7572,28.06,3.61,4.09,61.4,0.0
berbera,20031022,10.44,45.01,6.9,27.66,3.51,3.95,61.3,0.0
berbera,20031023,10.44,45.01,6.6967,27.47,2.87,3.16,67.75,0.01
berbera,20031024,10.44,45.01,6.7507,27.75,2.81,3.17,62.58,0.0
berbera,20031025,10.44,45.01,6.8422,28.52,2.28,2.54,52.7,0.0
berbera,20031026,10.44,45.01,6.7805,28.68,3.12,3.6,49.41,0.0
berbera,20031027,10.44,45.01,6.6209,28.06,4.15,4.78,55.92,0.0
berbera,20031028,10.44,45.01,6.7517,27.24,5.23,6.1,64.19,0.0
berbera,20031029,10.44,45.01,6.5698,26.65,4.67,5.39,69.06,0.0
berbera,20031030,10.44,45.01,5.371,26.99,4.63,5.32,72.05,0.47
berbera,20031031,10.44,45.01,6.2237,26.81,4.34,4.95,68.44,0.5
berbera,20031101,10.44,45.01,6.6984,26.5,3.25,3.69,60.84,0.0
berbera,20031102,10.44,45.01,6.4514,26.5,2.98,3.33,62.1,0.0
berbera,20031103,10.44,45.01,5.9765,26.79,3.77,4.28,67.87,0.0
berbera,20031104,10.44,45.01,5.9827,27.19,3.93,4.42,72.58,0.0
berbera,20031105,10.44,45.01,5.8766,27.53,4.13,4.69,71.35,0.0
berbera,20031106,10.44,45.01,6.1889,27.53,3.68,4.09,69.72,0.0
berbera,20031107,10.44,45.01,6.3586,27.51,3.06,3.39,68.11,0.0
berbera,20031108,10.44,45.01,6.4452,27.33,3.76,4.29,64.21,0.0
berbera,20031109,10.44,45.01,6.4822,27.77,4.65,5.27,60.63,0.0
berbera,20031110,10.44,45.01,6.4298,27.5,4.67,5.22,66.16,0.0
berbera,20031111,10.44,45.01,5.8128,26.72,4.05,4.47,70.81,0.0
berbera,20031112,10.44,45.01,6.3763,26.07,3.37,3.71,73.35,0.0
berbera,20031113,10.44,45.01,5.9897,26.52,2.76,3.01,69.04,0.0
berbera,20031114,10.44,45.01,5.5817,26.99,3.67,4.12,72.54,0.0
berbera,20031115,10.44,45.01,5.9489,26.86,4.58,5.3,69.16,0.0
berbera,20031116,10.44,45.01,6.1382,26.58,4.85,5.57,71.64,0.0
berbera,20031117,10.44,45.01,6.0674,26.84,4.89,5.61,70.03,0.14
berbera,20031118,10.44,45.01,6.2198,26.58,4.75,5.5,69.3,0.0
berbera,20031119,10.44,45.01,6.1694,26.55,5.64,6.48,70.31,0.1
berbera,20031120,10.44,45.01,5.8301,26.77,5.97,6.86,72.1,0.09
berbera,20031121,10.44,45.01,6.0278,26.64,5.73,6.69,71.39,0.26
berbera,20031122,10.44,45.01,5.9959,26.26,5.61,6.46,73.33,0.0
berbera,20031123,10.44,45.01,5.9227,26.31,5.76,6.74,72.43,0.0
berbera,20031124,10.44,45.01,6.0384,26.44,6.25,7.37,68.8,0.0
berbera,20031125,10.44,45.01,5.4583,26.59,6.44,7.3,74.13,0.0
berbera,20031126,10.44,45.01,5.7466,26.88,5.63,6.3,76.37,0.0
berbera,20031127,10.44,45.01,5.629,26.7,4.77,5.41,77.02,0.0
berbera,20031128,10.44,45.01,5.3371,26.83,5.28,5.94,77.57,0.0
berbera,20031129,10.44,45.01,5.1365,27.06,5.45,6.05,77.16,0.0
berbera,20031130,10.44,45.01,4.8864,27.08,5.46,6.09,75.61,0.0
berbera,20031201,10.44,45.01,5.341,26.95,5.09,5.69,77.35,0.0
berbera,20031202,10.44,45.01,5.3057,26.74,4.88,5.43,78.26,2.63
berbera,20031203,10.44,45.01,5.6393,26.49,4.42,4.84,77.74,0.48
berbera,20031204,10.44,45.01,5.4847,26.62,4.03,4.48,79.77,2.52
berbera,20031205,10.44,45.01,4.3958,26.77,3.96,4.49,82.59,10.7
berbera,20031206,10.44,45.01,4.1604,26.72,4.13,4.7,84.59,17.62
berbera,20031207,10.44,45.01,3.5513,25.86,6.12,7.26,90.23,9.08
berbera,20031208,10.44,45.01,5.1934,25.67,5.67,6.73,78.81,0.81
berbera,20031209,10.44,45.01,5.436,25.25,5.56,6.65,75.09,0.17
berbera,20031210,10.44,45.01,5.359,25.02,5.02,5.88,71.22,0.06
berbera,20031211,10.44,45.01,6.0876,24.65,2.88,3.29,68.8,0.0
berbera,20031212,10.44,45.01,5.9974,24.42,3.11,3.55,72.0,0.0
berbera,20031213,10.44,45.01,5.6201,24.74,4.41,5.21,74.34,0.0
berbera,20031214,10.44,45.01,5.5128,24.93,5.83,6.98,72.78,0.0
berbera,20031215,10.44,45.01,5.9206,24.74,5.94,7.02,70.27,0.05
berbera,20031216,10.44,45.01,5.3369,24.99,5.91,6.9,74.81,0.05
berbera,20031217,10.44,45.01,5.4938,24.67,5.08,5.98,75.6,0.04
berbera,20031218,10.44,45.01,5.6774,23.87,4.27,4.87,71.08,0.0
berbera,20031219,10.44,45.01,5.7211,23.99,3.66,4.22,71.43,0.01
berbera,20031220,10.44,45.01,4.9601,24.81,4.63,5.41,75.45,0.11
berbera,20031221,10.44,45.01,5.2987,24.87,4.49,5.25,75.74,0.05
berbera,20031222,10.44,45.01,5.1828,24.64,5.23,6.13,73.24,0.03
berbera,20031223,10.44,45.01,5.5658,24.48,4.88,5.75,68.26,0.01
berbera,20031224,10.44,45.01,5.3446,23.97,4.63,5.38,70.87,0.02
berbera,20031225,10.44,45.01,5.8601,23.82,3.98,4.56,70.5,0.02
berbera,20031226,10.44,45.01,5.9628,23.92,3.74,4.26,71.41,0.01
berbera,20031227,10.44,45.01,5.7571,23.93,4.8,5.67,70.86,0.0
berbera,20031228,10.44,45.01,5.5812,24.13,4.58,5.37,68.82,0.0
berbera,20031229,10.44,45.01,3.9953,24.35,4.66,5.33,75.52,0.0
berbera,20031230,10.44,45.01,5.3503,24.83,5.52,6.46,76.88,0.0
berbera,20031231,10.44,45.01,5.653,24.55,5.39,6.34,75.04,0.0
berbera,20040101,10.44,45.01,5.8116,24.49,5.26,6.23,73.62,0.02
berbera,20040102,10.44,45.01,4.8624,24.66,4.86,5.63,75.77,0.02
berbera,20040103,10.44,45.01,4.9834,24.76,5.13,5.82,75.69,0.05
berbera,20040104,10.44,45.01,5.345,24.9,4.29,4.79,72.98,0.01
berbera,20040105,10.44,45.01,5.797,25.15,4.49,5.09,75.06,0.01
berbera,20040106,10.44,45.01,5.5776,25.08,4.8,5.38,76.36,0.0
berbera,20040107,10.44,45.01,6.0876,25.23,5.52,6.28,73.87,0.0
berbera,20040108,10.44,45.01,5.485,25.42,5.1,5.85,70.32,0.0
berbera,20040109,10.44,45.01,5.4022,24.83,4.63,5.34,73.89,0.01
berbera,20040110,10.44,45.01,5.5836,25.08,5.18,5.85,74.17,0.0
berbera,20040111,10.44,45.01,5.699,25.67,5.52,6.26,76.27,0.01
berbera,20040112,10.44,45.01,4.5922,25.4,5.17,5.82,76.97,0.03
berbera,20040113,10.44,45.01,5.927,25.19,4.33,4.79,75.91,0.01
berbera,20040114,10.44,45.01,5.7845,25.04,2.75,2.86,76.9,0.09
berbera,20040115,10.44,45.01,3.5753,25.09,2.74,2.92,79.23,0.07
berbera,20040116,10.44,45.01,3.977,25.58,4.63,5.18,79.45,1.03
berbera,20040117,10.44,45.01,4.9601,25.34,5.13,5.81,76.72,0.1
berbera,20040118,10.44,45.01,5.227,25.61,4.6,5.13,75.67,0.05
berbera,20040119,10.44,45.01,4.825,25.55,3.74,4.02,77.32,0.12
berbera,20040120,10.44,45.01,4.5185,25.33,5.08,5.75,81.26,2.63
berbera,20040121,10.44,45.01,4.5581,25.22,6.35,7.28,81.27,1.0
berbera,20040122,10.44,45.01,4.1438,25.1,6.16,7.04,79.67,1.04
berbera,20040123,10.44,45.01,4.5034,25.4,4.98,5.59,76.94,0.33
berbera,20040124,10.44,45.01,3.9696,25.45,4.35,4.82,76.69,0.21
berbera,20040125,10.44,45.01,5.611,25.32,4.06,4.46,76.16,0.05
berbera,20040126,10.44,45.01,5.0904,25.46,4.02,4.49,76.93,0.0
berbera,20040127,10.44,45.01,5.8356,25.17,3.27,3.55,77.65,0.0
berbera,20040128,10.44,45.01,4.3802,24.92,3.06,3.36,75.8,0.0
berbera,20040129,10.44,45.01,5.8632,25.09,4.25,4.77,74.81,0.0
berbera,20040130,10.44,45.01,5.1941,25.39,4.08,4.48,75.6,0.0
berbera,20040131,10.44,45.01,5.1286,25.22,3.84,4.21,76.27,0.0
berbera,20040201,10.44,45.01,5.9966,25.05,4.42,4.94,73.54,0.0
berbera,20040202,10.44,45.01,6.0725,24.93,4.91,5.49,72.58,0.0
berbera,20040203,10.44,45.01,5.2027,24.7,4.75,5.34,72.71,0.0
berbera,20040204,10.44,45.01,5.9542,24.19,4.24,4.8,73.5,0.0
berbera,20040205,10.44,45.01,5.8462,24.29,3.69,4.16,71.63,0.0
berbera,20040206,10.44,45.01,6.4644,24.19,3.05,3.28,73.93,0.0
berbera,20040207,10.44,45.01,5.9762,24.54,2.47,2.66,73.47,0.0
berbera,20040208,10.44,45.01,6.0876,24.7,4.57,5.21,75.57,0.0
berbera,20040209,10.44,45.01,6.3456,24.84,6.09,7.15,72.49,0.0
berbera,20040210,10.44,45.01,6.6463,24.59,5.41,6.26,66.59,0.0
berbera,20040211,10.44,45.01,6.5638,24.19,5.41,6.27,67.94,0.0
berbera,20040212,10.44,45.01,6.5681,24.42,5.0,5.64,70.75,0.0
berbera,20040213,10.44,45.01,5.9302,24.66,5.14,5.79,73.31,0.0
berbera,20040214,10.44,45.01,6.5086,24.45,4.78,5.35,74.64,0.0
berbera,20040215,10.44,45.01,6.51,23.57,2.99,3.2,73.33,0.0
berbera,20040216,10.44,45.01,5.9054,23.25,2.6,2.81,70.28,0.0
berbera,20040217,10.44,45.01,6.6554,23.5,3.68,4.2,71.43,0.0
berbera,20040218,10.44,45.01,7.0565,23.56,4.19,4.83,68.93,0.0
berbera,20040219,10.44,45.01,6.864,23.41,3.58,4.02,70.97,0.0
berbera,20040220,10.44,45.01,6.7505,23.36,2.92,3.15,70.92,0.0
berbera,20040221,10.44,45.01,6.9482,24.39,4.3,4.79,66.87,0.0
berbera,20040222,10.44,45.01,5.9474,24.45,4.51,5.1,73.27,0.0
berbera,20040223,10.44,45.01,6.5441,24.33,4.23,4.66,71.03,0.0
berbera,20040224,10.44,45.01,6.5455,24.89,4.74,5.25,73.74,0.0
berbera,20040225,10.44,45.01,6.5215,24.89,3.95,4.44,73.18,0.0
berbera,20040226,10.44,45.01,7.0574,24.56,3.71,4.21,63.24,0.0
berbera,20040227,10.44,45.01,6.9437,24.89,3.8,4.37,64.64,0.0
berbera,20040228,10.44,45.01,6.5534,24.96,3.41,3.82,67.78,0.0
berbera,20040229,10.44,45.01,6.3384,25.18,3.68,4.14,63.56,0.0
berbera,20040301,10.44,45.01,7.2355,25.05,4.16,4.7,57.4,0.0
berbera,20040302,10.44,45.01,7.4129,24.71,4.18,4.73,54.4,0.0
berbera,20040303,10.44,45.01,7.4551,24.49,3.94,4.46,52.05,0.0
berbera,20040304,10.44,45.01,7.6524,24.37,3.68,4.13,50.77,0.0
berbera,20040305,10.44,45.01,7.5317,24.02,3.41,3.78,54.19,0.0
berbera,20040306,10.44,45.01,7.4556,24.01,4.38,4.97,65.62,0.0
berbera,20040307,10.44,45.01,7.1045,24.78,3.55,3.95,69.22,0.0
berbera,20040308,10.44,45.01,6.474,25.24,3.86,4.22,73.46,0.0
berbera,20040309,10.44,45.01,4.8286,25.67,3.32,3.55,75.99,0.01
berbera,20040310,10.44,45.01,6.3622,25.56,2.74,2.95,76.15,0.0
berbera,20040311,10.44,45.01,7.002,25.9,2.89,3.12,73.19,0.0
berbera,20040312,10.44,45.01,7.499,26.31,3.59,3.96,64.71,0.0
berbera,20040313,10.44,45.01,7.3898,26.61,4.05,4.48,65.62,0.0
berbera,20040314,10.44,45.01,7.0781,27.12,3.89,4.29,67.44,0.0
berbera,20040315,10.44,45.01,6.829,26.73,3.36,3.46,74.16,0.02
berbera,20040316,10.44,45.01,6.3701,26.15,2.95,3.01,78.49,0.08
berbera,20040317,10.44,45.01,6.5069,26.83,4.24,4.55,77.51,0.0
berbera,20040318,10.44,45.01,6.6545,26.64,4.28,4.62,76.54,0.0
berbera,20040319,10.44,45.01,6.8191,26.54,3.64,3.86,73.52,0.0
berbera,20040320,10.44,45.01,6.7735,26.63,3.0,3.15,74.25,0.0
berbera,20040321,10.44,45.01,7.1854,26.76,2.87,3.02,73.44,0.0
berbera,20040322,10.44,45.01,7.4047,27.23,4.1,4.64,68.21,0.0
berbera,20040323,10.44,45.01,7.3344,27.14,4.25,4.78,60.35,0.0
berbera,20040324,10.44,45.01,7.4688,26.46,4.01,4.51,59.81,0.0
berbera,20040325,10.44,45.01,7.5742,26.85,3.16,3.49,57.39,0.0
berbera,20040326,10.44,45.01,7.5766,27.81,4.3,4.98,55.79,0.0
berbera,20040327,10.44,45.01,7.1095,27.94,5.52,6.33,61.3,0.0
berbera,20040328,10.44,45.01,6.3166,27.15,5.33,5.84,71.67,0.02
berbera,20040329,10.44,45.01,6.5921,26.89,5.33,5.9,71.96,0.02
berbera,20040330,10.44,45.01,5.1168,27.05,4.63,5.09,72.82,0.03
berbera,20040331,10.44,45.01,5.971,27.53,4.01,4.43,76.35,0.02
berbera,20040401,10.44,45.01,5.7084,27.77,4.02,4.43,77.03,0.36
berbera,20040402,10.44,45.01,6.2779,28.14,4.33,4.75,76.43,1.14
berbera,20040403,10.44,45.01,6.0514,28.61,4.89,5.47,72.86,0.31
berbera,20040404,10.44,45.01,6.0192,29.01,3.72,4.38,70.76,0.28
berbera,20040405,10.44,45.01,5.4307,28.82,2.63,3.09,72.24,0.39
berbera,20040406,10.44,45.01,6.1015,28.44,2.81,3.35,74.03,0.46
berbera,20040407,10.44,45.01,5.8507,28.62,2.9,3.19,72.79,0.41
berbera,20040408,10.44,45.01,6.372,29.12,3.38,3.74,69.24,0.59
berbera,20040409,10.44,45.01,6.5369,29.21,3.36,3.7,68.99,0.1
berbera,20040410,10.44,45.01,6.851,29.82,4.28,4.97,65.89,0.01
berbera,20040411,10.44,45.01,6.7397,29.68,4.3,4.97,65.78,0.07
berbera,20040412,10.44,45.01,6.9706,29.15,4.59,5.13,68.49,0.6
berbera,20040413,10.44,45.01,4.7902,28.61,4.11,4.37,72.96,1.5
berbera,20040414,10.44,45.01,5.9057,28.31,4.06,4.38,72.42,0.16
berbera,20040415,10.44,45.01,7.0075,28.34,3.24,3.43,70.81,0.06
berbera,20040416,10.44,45.01,7.3392,28.72,3.13,3.3,64.82,0.24
berbera,20040417,10.44,45.01,7.128,30.33,3.04,3.4,60.42,1.24
berbera,20040418,10.44,45.01,7.253,30.23,2.92,3.46,66.09,4.26
berbera,20040419,10.44,45.01,6.2784,30.37,2.76,3.31,68.78,2.3
berbera,20040420,10.44,45.01,6.3041,30.9,2.5,3.15,66.74,3.03
berbera,20040421,10.44,45.01,6.4819,30.12,2.98,3.55,67.94,0.08
berbera,20040422,10.44,45.01,6.8434,30.72,3.36,3.99,66.11,0.08
berbera,20040423,10.44,45.01,7.5346,31.05,4.76,5.81,59.13,0.0
berbera,20040424,10.44,45.01,7.3949,30.92,4.18,4.9,58.54,0.01
berbera,20040425,10.44,45.01,7.2917,29.75,2.58,2.75,68.91,0.13
berbera,20040426,10.44,45.01,6.8784,29.47,3.32,3.59,70.13,1.09
berbera,20040427,10.44,45.01,6.9643,29.49,4.09,4.56,71.25,0.4
berbera,20040428,10.44,45.01,6.9739,29.49,3.79,4.21,69.12,0.45
berbera,20040429,10.44,45.01,7.1638,29.79,3.53,3.97,66.35,0.01
berbera,20040430,10.44,45.01,6.8681,30.32,3.19,3.6,66.1,0.84
berbera,20040501,10.44,45.01,6.8071,30.19,2.66,3.04,68.09,0.02
berbera,20040502,10.44,45.01,6.8786,30.21,3.19,3.48,66.48,0.07
berbera,20040503,10.44,45.01,7.2276,29.58,2.73,2.82,64.69,0.03
berbera,20040504,10.44,45.01,7.4731,29.33,2.73,2.94,63.91,0.0
berbera,20040505,10.44,45.01,7.3886,29.5,2.93,3.16,62.48,0.0
berbera,20040506,10.44,45.01,7.356,30.02,2.74,3.01,62.1,0.0
berbera,20040507,10.44,45.01,7.5187,30.59,2.39,2.73,55.21,0.0
berbera,20040508,10.44,45.01,7.1772,31.21,2.63,3.07,47.06,0.0
berbera,20040509,10.44,45.01,7.1515,31.61,2.38,2.81,40.76,0.0
berbera,20040510,10.44,45.01,7.267,32.51,2.5,3.14,37.2,0.0
berbera,20040511,10.44,45.01,7.1467,32.18,3.27,4.14,41.67,0.0
berbera,20040512,10.44,45.01,7.3865,32.2,4.01,5.03,47.95,0.0
berbera,20040513,10.44,45.01,7.2814,31.35,4.32,5.15,58.4,0.0
berbera,20040514,10.44,45.01,7.1506,31.7,4.54,5.56,57.17,0.0
berbera,20040515,10.44,45.01,6.6838,31.03,3.72,4.49,62.44,0.0
berbera,20040516,10.44,45.01,6.7757,30.64,2.62,3.11,63.77,0.0
berbera,20040517,10.44,45.01,7.2175,30.31,2.67,3.11,62.3,0.0
berbera,20040518,10.44,45.01,6.9082,30.5,2.59,2.9,61.07,0.0
berbera,20040519,10.44,45.01,6.9703,31.34,2.18,2.61,52.92,0.0
berbera,20040520,10.44,45.01,6.5568,32.32,3.1,4.17,46.88,0.0
berbera,20040521,10.44,45.01,6.4898,32.86,4.53,6.17,46.79,0.0
berbera,20040522,10.44,45.01,6.4591,32.5,5.86,7.71,47.54,0.0
berbera,20040523,10.44,45.01,6.8249,31.93,5.46,7.02,51.5,0.0
berbera,20040524,10.44,45.01,6.9583,31.99,5.37,6.84,50.3,0.0
berbera,20040525,10.44,45.01,7.146,32.43,5.43,6.77,50.66,0.0
berbera,20040526,10.44,45.01,7.1621,32.8,4.8,6.02,51.5,0.0
berbera,20040527,10.44,45.01,7.159,32.97,4.38,5.41,50.15,0.0
berbera,20040528,10.44,45.01,7.0956,33.37,4.77,5.95,50.07,0.0
berbera,20040529,10.44,45.01,7.2098,32.92,4.42,5.37,54.39,0.0
berbera,20040530,10.44,45.01,6.6684,31.92,4.81,5.73,55.59,0.17
berbera,20040531,10.44,45.01,6.5815,32.17,4.36,5.29,55.83,0.42
berbera,20040601,10.44,45.01,6.6247,32.06,3.13,3.67,55.85,0.06
berbera,20040602,10.44,45.01,6.9454,32.58,3.02,3.65,50.46,0.01
berbera,20040603,10.44,45.01,7.1256,32.54,5.51,6.78,50.69,0.0
berbera,20040604,10.44,45.01,7.2094,32.51,6.79,8.33,45.54,0.0
berbera,20040605,10.44,45.01,6.8407,32.24,6.55,7.9,49.55,0.01
berbera,20040606,10.44,45.01,6.5755,32.59,6.44,8.01,50.4,0.0
berbera,20040607,10.44,45.01,7.0135,32.83,6.42,8.2,48.52,0.0
berbera,20040608,10.44,45.01,6.9854,33.0,7.25,9.19,48.97,0.0
berbera,20040609,10.44,45.01,6.9446,33.44,9.17,11.51,46.21,0.01
berbera,20040610,10.44,45.01,6.8316,32.74,7.09,9.12,46.29,0.0
berbera,20040611,10.44,45.01,6.247,32.35,6.85,9.22,49.04,0.0
berbera,20040612,10.44,45.01,6.3665,32.06,6.62,8.94,51.58,0.0
berbera,20040613,10.44,45.01,6.7145,32.07,7.5,9.8,49.26,0.0
berbera,20040614,10.44,45.01,6.8287,32.15,7.04,8.95,47.78,0.0
berbera,20040615,10.44,45.01,6.5431,32.79,8.59,11.0,47.51,0.0
berbera,20040616,10.44,45.01,6.9127,33.01,8.47,10.71,44.92,0.0
berbera,20040617,10.44,45.01,6.7265,33.06,7.48,9.59,45.26,0.0
berbera,20040618,10.44,45.01,6.3334,33.01,8.61,10.97,45.6,0.0
berbera,20040619,10.44,45.01,6.5498,33.0,8.66,10.91,46.71,0.0
berbera,20040620,10.44,45.01,6.9778,33.39,8.83,10.97,43.59,0.0
berbera,20040621,10.44,45.01,7.1412,33.25,7.75,9.74,44.93,0.0
berbera,20040622,10.44,45.01,6.2537,33.37,8.14,10.27,42.92,0.0
berbera,20040623,10.44,45.01,6.6295,33.06,8.54,10.86,48.76,0.32
berbera,20040624,10.44,45.01,6.545,32.96,9.66,12.11,48.15,0.11
berbera,20040625,10.44,45.01,6.708,32.09,8.11,10.12,50.76,1.49
berbera,20040626,10.44,45.01,5.4634,31.79,7.91,9.86,49.53,1.01
berbera,20040627,10.44,45.01,5.8358,31.81,8.41,10.55,49.39,0.82
berbera,20040628,10.44,45.01,6.8647,32.17,8.54,10.71,47.07,0.15
berbera,20040629,10.44,45.01,6.9214,32.25,8.81,11.0,49.28,0.52
berbera,20040630,10.44,45.01,6.9895,31.97,7.79,9.72,52.01,0.0
berbera,20040701,10.44,45.01,6.971,32.08,7.84,9.74,51.15,0.0
berbera,20040702,10.44,45.01,7.0678,32.05,7.86,9.77,50.25,0.0
berbera,20040703,10.44,45.01,7.081,32.67,8.97,11.18,46.45,0.0
berbera,20040704,10.44,45.01,7.0363,32.62,8.97,11.3,45.15,0.0
berbera,20040705,10.44,45.01,6.707,32.28,8.45,10.86,44.66,0.0
berbera,20040706,10.44,45.01,6.763,32.4,9.96,12.32,40.56,0.0
berbera,20040707,10.44,45.01,6.499,32.0,8.73,10.93,45.19,0.0
berbera,20040708,10.44,45.01,6.4322,32.05,8.89,10.98,45.99,0.0
berbera,20040709,10.44,45.01,6.5378,32.3,10.03,12.36,43.98,0.0
berbera,20040710,10.44,45.01,6.8794,32.49,10.1,12.5,43.84,0.0
berbera,20040711,10.44,45.01,6.2858,32.23,11.65,14.52,44.13,0.0
berbera,20040712,10.44,45.01,6.335,31.91,10.69,13.41,44.28,0.0
berbera,20040713,10.44,45.01,6.4795,32.45,9.83,12.48,44.77,0.0
berbera,20040714,10.44,45.01,5.5507,31.68,9.38,12.15,48.75,0.0
berbera,20040715,10.44,45.01,6.6314,31.96,8.79,11.21,48.39,0.73
berbera,20040716,10.44,45.01,6.3497,31.17,8.61,10.83,50.34,2.76
berbera,20040717,10.44,45.01,6.1253,30.69,9.23,11.51,51.52,1.39
berbera,20040718,10.44,45.01,6.8184,31.92,9.15,11.35,48.65,0.09
berbera,20040719,10.44,45.01,6.7721,31.6,9.64,12.07,50.66,0.45
berbera,20040720,10.44,45.01,7.0937,31.78,9.1,11.29,48.9,0.0
berbera,20040721,10.44,45.01,6.6106,31.69,8.92,11.11,48.02,0.07
berbera,20040722,10.44,45.01,6.2808,31.9,10.62,13.24,46.53,0.17
berbera,20040723,10.44,45.01,6.9977,32.06,11.02,13.9,46.26,0.0
berbera,20040724,10.44,45.01,7.0579,32.41,8.91,11.24,46.79,0.01
berbera,20040725,10.44,45.01,6.863,31.51,8.97,11.36,52.46,1.37
berbera,20040726,10.44,45.01,6.6902,31.63,7.84,9.91,52.61,0.0
berbera,20040727,10.44,45.01,5.4674,31.68,8.34,10.58,50.27,0.02
berbera,20040728,10.44,45.01,6.2177,31.66,8.15,10.59,52.02,0.25
berbera,20040729,10.44,45.01,6.3581,31.46,9.01,11.34,49.16,0.98
berbera,20040730,10.44,45.01,6.4116,31.82,9.46,11.94,48.12,0.04
berbera,20040731,10.44,45.01,6.7212,32.39,11.24,13.98,43.7,0.0
berbera,20040801,10.44,45.01,5.9606,31.98,11.44,14.48,47.3,0.0
berbera,20040802,10.44,45.01,5.2716,30.86,11.55,14.67,52.4,0.04
berbera,20040803,10.44,45.01,5.8644,30.2,12.03,15.09,52.42,0.51
berbera,20040804,10.44,45.01,6.737,30.87,8.04,10.22,53.67,0.04
berbera,20040805,10.44,45.01,6.509,31.22,7.0,8.89,52.77,0.01
berbera,20040806,10.44,45.01,6.5496,31.54,8.4,10.9,53.13,0.0
berbera,20040807,10.44,45.01,6.4102,31.6,10.02,12.79,49.38,0.01
berbera,20040808,10.44,45.01,7.013,31.83,10.73,13.46,47.14,0.0
berbera,20040809,10.44,45.01,6.678,31.96,8.22,10.56,47.69,0.19
berbera,20040810,10.44,45.01,6.1385,30.5,7.69,9.91,55.05,0.22
berbera,20040811,10.44,45.01,6.0173,31.98,9.53,12.42,50.09,0.27
berbera,20040812,10.44,45.01,6.2503,32.35,10.28,13.1,47.51,0.33
berbera,20040813,10.44,45.01,6.7219,31.79,9.71,12.48,47.43,0.01
berbera,20040814,10.44,45.01,6.5966,31.89,8.32,10.68,46.94,0.0
berbera,20040815,10.44,45.01,5.8068,32.04,7.96,10.28,48.1,0.0
berbera,20040816,10.44,45.01,6.7582,31.99,7.59,9.83,47.8,0.0
berbera,20040817,10.44,45.01,6.6754,32.21,6.3,8.26,47.53,0.0
berbera,20040818,10.44,45.01,6.8167,32.56,7.56,9.77,45.3,0.0
berbera,20040819,10.44,45.01,6.6506,32.36,9.06,11.66,42.94,0.0
berbera,20040820,10.44,45.01,6.1003,31.81,8.58,11.06,44.94,0.0
berbera,20040821,10.44,45.01,6.5114,31.65,7.48,9.81,49.12,0.0
berbera,20040822,10.44,45.01,6.9533,31.8,6.68,8.97,50.47,0.0
berbera,20040823,10.44,45.01,6.9859,32.26,8.25,10.6,45.16,0.0
berbera,20040824,10.44,45.01,6.8786,32.41,7.55,9.69,47.36,0.0
berbera,20040825,10.44,45.01,5.8114,32.45,8.08,10.35,47.77,0.04
berbera,20040826,10.44,45.01,6.4289,32.43,9.91,12.34,45.67,0.03
berbera,20040827,10.44,45.01,6.4123,31.74,10.08,12.75,46.69,0.18
berbera,20040828,10.44,45.01,6.893,31.68,10.03,12.91,44.7,0.06
berbera,20040829,10.44,45.01,7.2257,32.39,6.69,8.38,43.0,0.0
berbera,20040830,10.44,45.01,7.2211,32.98,7.49,9.46,42.47,0.01
berbera,20040831,10.44,45.01,6.8496,33.08,8.72,11.17,45.16,0.11
berbera,20040901,10.44,45.01,7.0524,31.86,6.32,8.08,49.65,0.01
berbera,20040902,10.44,45.01,6.4795,31.96,5.08,6.63,49.35,0.0
berbera,20040903,10.44,45.01,6.516,32.14,5.62,7.33,49.47,0.03
berbera,20040904,10.44,45.01,6.0775,32.17,5.29,6.63,51.83,0.22
berbera,20040905,10.44,45.01,6.6002,31.47,4.28,5.16,56.05,0.89
berbera,20040906,10.44,45.01,6.7068,31.38,4.0,4.77,57.33,1.01
berbera,20040907,10.44,45.01,6.4781,31.09,3.18,3.72,59.55,0.51
berbera,20040908,10.44,45.01,7.2578,31.26,3.42,4.04,57.94,0.01
berbera,20040909,10.44,45.01,7.1755,31.59,4.9,6.0,55.28,0.0
berbera,20040910,10.44,45.01,7.1244,31.74,5.23,6.55,53.8,0.01
berbera,20040911,10.44,45.01,6.9902,32.71,6.95,8.76,48.08,0.0
berbera,20040912,10.44,45.01,7.1249,32.7,6.2,7.81,48.8,0.0
berbera,20040913,10.44,45.01,6.6552,32.03,5.51,6.93,53.37,1.17
berbera,20040914,10.44,45.01,6.6134,31.99,6.53,8.09,51.72,0.3
berbera,20040915,10.44,45.01,6.8422,31.81,6.46,8.12,49.36,0.23
berbera,20040916,10.44,45.01,6.5729,31.87,6.56,8.27,53.7,1.84
berbera,20040917,10.44,45.01,6.8962,32.05,5.62,6.85,52.44,0.31
berbera,20040918,10.44,45.01,7.0373,31.98,5.6,6.76,54.37,0.03
berbera,20040919,10.44,45.01,6.6415,31.58,4.01,4.65,56.05,0.24
berbera,20040920,10.44,45.01,6.3286,31.36,3.67,4.19,59.33,0.72
berbera,20040921,10.44,45.01,5.9112,32.14,3.64,4.24,53.85,0.01
berbera,20040922,10.44,45.01,6.6751,32.56,4.05,4.91,52.46,0.0
berbera,20040923,10.44,45.01,6.5568,32.49,4.01,4.83,53.11,0.0
berbera,20040924,10.44,45.01,6.7898,32.22,3.71,4.4,54.12,0.03
berbera,20040925,10.44,45.01,6.4454,31.34,2.61,2.95,59.7,0.18
berbera,20040926,10.44,45.01,6.3804,29.94,3.19,3.67,64.82,0.14
berbera,20040927,10.44,45.01,7.0493,29.6,2.79,3.14,58.15,0.08
berbera,20040928,10.44,45.01,7.0358,29.76,2.38,2.66,51.81,0.0
berbera,20040929,10.44,45.01,6.7634,30.69,2.89,3.35,49.92,0.0
berbera,20040930,10.44,45.01,6.6034,30.48,2.81,3.24,54.01,0.0
berbera,20041001,10.44,45.01,6.2738,30.0,3.36,3.78,61.66,0.01
berbera,20041002,10.44,45.01,5.5958,29.63,2.97,3.17,68.26,0.08
berbera,20041003,10.44,45.01,5.8135,29.54,2.85,3.03,69.98,1.24
berbera,20041004,10.44,45.01,6.199,30.01,3.1,3.32,67.05,0.96
berbera,20041005,10.44,45.01,5.8675,30.78,2.8,3.17,62.86,0.7
berbera,20041006,10.44,45.01,6.3108,30.93,2.32,2.72,59.31,0.24
berbera,20041007,10.44,45.01,6.7325,30.72,3.24,3.63,59.64,0.05
berbera,20041008,10.44,45.01,6.1452,30.93,3.2,3.68,55.48,0.0
berbera,20041009,10.44,45.01,6.7322,30.39,3.61,4.2,58.83,0.0
berbera,20041010,10.44,45.01,6.5678,29.55,4.27,4.9,64.83,0.06
berbera,20041011,10.44,45.01,6.4946,28.71,4.27,4.77,70.75,0.24
berbera,20041012,10.44,45.01,6.2292,28.83,4.34,4.82,69.68,0.06
berbera,20041013,10.44,45.01,6.8453,28.56,4.47,4.96,68.86,0.0
berbera,20041014,10.44,45.01,6.7891,27.92,4.63,5.16,70.27,0.02
berbera,20041015,10.44,45.01,6.5698,27.59,4.18,4.71,74.97,0.07
berbera,20041016,10.44,45.01,6.7447,27.38,3.58,4.0,68.2,0.04
berbera,20041017,10.44,45.01,6.8179,27.03,3.17,3.5,66.56,0.0
berbera,20041018,10.44,45.01,6.6197,26.62,3.03,3.42,66.42,0.0
berbera,20041019,10.44,45.01,6.895,26.71,2.78,3.16,58.75,0.0
berbera,20041020,10.44,45.01,6.7145,26.8,3.82,4.41,59.25,0.0
berbera,20041021,10.44,45.01,6.5304,26.45,4.16,4.73,70.1,0.0
berbera,20041022,10.44,45.01,5.5812,27.22,3.78,4.31,70.75,0.0
berbera,20041023,10.44,45.01,6.4303,26.72,4.25,4.8,69.09,0.0
berbera,20041024,10.44,45.01,5.917,26.87,4.22,4.69,72.46,0.0
berbera,20041025,10.44,45.01,5.8082,27.42,5.58,6.34,72.27,0.0
berbera,20041026,10.44,45.01,5.8207,27.4,5.12,5.9,73.59,0.0
berbera,20041027,10.44,45.01,6.4116,27.29,3.27,3.65,65.32,0.0
berbera,20041028,10.44,45.01,5.9282,26.8,2.85,3.21,67.05,0.01
berbera,20041029,10.44,45.01,5.9959,26.94,3.82,4.37,68.72,0.01
berbera,20041030,10.44,45.01,2.8358,26.38,5.07,5.72,81.83,5.38
berbera,20041031,10.44,45.01,2.6899,26.85,5.31,6.13,78.0,2.73
berbera,20041101,10.44,45.01,6.3163,26.26,4.7,5.39,71.23,0.11
berbera,20041102,10.44,45.01,6.3252,26.3,4.8,5.44,72.04,0.0
berbera,20041103,10.44,45.01,6.1104,26.68,4.59,5.08,74.1,0.0
berbera,20041104,10.44,45.01,6.4728,26.78,4.15,4.65,70.46,0.0
berbera,20041105,10.44,45.01,6.4265,26.31,3.7,4.16,70.89,0.0
berbera,20041106,10.44,45.01,6.2621,26.67,3.42,3.83,69.11,0.0
berbera,20041107,10.44,45.01,6.606,26.58,3.35,3.79,64.04,0.0
berbera,20041108,10.44,45.01,6.6487,26.78,3.64,4.14,62.78,0.0
berbera,20041109,10.44,45.01,6.4301,26.95,3.95,4.53,65.69,0.0
berbera,20041110,10.44,45.01,5.5836,27.05,3.8,4.22,76.64,0.0
berbera,20041111,10.44,45.01,5.7211,27.07,4.82,5.33,77.47,0.0
berbera,20041112,10.44,45.01,5.9501,27.38,4.87,5.48,74.61,0.01
berbera,20041113,10.44,45.01,5.8795,27.15,4.89,5.67,74.3,0.0
berbera,20041114,10.44,45.01,6.3876,26.31,4.13,4.75,73.12,0.0
berbera,20041115,10.44,45.01,5.832,26.29,4.11,4.66,78.41,0.02
berbera,20041116,10.44,45.01,5.5241,26.66,4.71,5.54,78.42,0.02
berbera,20041117,10.44,45.01,5.545,26.1,4.21,4.86,76.39,0.22
berbera,20041118,10.44,45.01,5.5606,26.17,4.23,4.78,77.32,0.42
berbera,20041119,10.44,45.01,5.4696,26.5,4.43,5.05,78.1,1.09
berbera,20041120,10.44,45.01,4.727,26.12,4.11,4.7,83.15,8.41
berbera,20041121,10.44,45.01,3.9034,25.56,4.66,5.37,86.46,9.72
berbera,20041122,10.44,45.01,4.7076,26.19,5.01,5.78,85.84,7.79
berbera,20041123,10.44,45.01,4.7194,26.66,4.56,5.15,81.48,4.3
berbera,20041124,10.44,45.01,5.8512,25.5,3.64,4.1,78.25,0.36
berbera,20041125,10.44,45.01,5.9894,25.08,3.41,3.85,74.43,0.07
berbera,20041126,10.44,45.01,5.8793,25.21,4.42,5.16,76.31,0.3
berbera,20041127,10.44,45.01,5.8337,25.55,4.93,5.89,74.16,2.46
berbera,20041128,10.44,45.01,5.4622,25.09,4.61,5.48,74.17,0.72
berbera,20041129,10.44,45.01,5.7566,24.89,5.15,6.07,71.81,0.33
berbera,20041130,10.44,45.01,5.3693,24.64,4.75,5.55,70.77,1.96
berbera,20041201,10.44,45.01,5.6604,24.56,3.84,4.48,70.54,2.03
berbera,20041202,10.44,45.01,6.0348,25.0,4.8,5.69,69.17,0.12
berbera,20041203,10.44,45.01,5.0578,25.39,5.87,6.97,73.9,0.49
berbera,20041204,10.44,45.01,4.5233,25.23,6.92,8.16,77.99,3.84
berbera,20041205,10.44,45.01,4.4714,25.17,6.77,7.86,80.49,4.8
berbera,20041206,10.44,45.01,5.149,25.68,6.21,7.21,81.29,0.92
berbera,20041207,10.44,45.01,5.5627,25.64,6.3,7.37,77.45,0.0
berbera,20041208,10.44,45.01,5.4754,25.62,5.32,6.13,77.49,0.0
berbera,20041209,10.44,45.01,5.2111,25.65,4.41,5.08,75.83,0.0
berbera,20041210,10.44,45.01,5.598,25.46,4.16,4.75,75.57,0.0
berbera,20041211,10.44,45.01,5.8128,25.11,4.85,5.65,73.88,0.0
berbera,20041212,10.44,45.01,5.707,24.84,4.25,4.94,72.69,0.0
berbera,20041213,10.44,45.01,5.4485,25.09,4.08,4.72,77.47,0.0
berbera,20041214,10.44,45.01,5.1418,24.71,3.99,4.64,80.88,0.0
berbera,20041215,10.44,45.01,5.3143,24.31,3.64,4.08,75.3,0.0
berbera,20041216,10.44,45.01,5.6335,24.32,3.08,3.44,73.87,0.0
berbera,20041217,10.44,45.01,5.8296,24.28,2.71,2.98,73.75,0.0
berbera,20041218,10.44,45.01,5.2543,24.52,4.05,4.65,73.59,0.0
berbera,20041219,10.44,45.01,4.9745,24.97,5.07,5.89,76.99,0.0
berbera,20041220,10.44,45.01,4.7722,25.62,5.03,5.83,79.96,0.01
berbera,20041221,10.44,45.01,5.418,25.15,3.42,3.89,78.51,0.0
berbera,20041222,10.44,45.01,5.8375,24.83,3.22,3.66,76.02,0.0
berbera,20041223,10.44,45.01,5.7029,24.74,3.9,4.38,76.68,0.0
berbera,20041224,10.44,45.01,5.1048,25.1,4.41,5.0,74.91,0.0
berbera,20041225,10.44,45.01,5.4658,24.96,4.64,5.29,75.91,0.0
berbera,20041226,10.44,45.01,5.573,24.77,3.62,3.99,76.62,0.0
berbera,20041227,10.44,45.01,5.5174,24.28,1.98,2.12,74.76,1.4
berbera,20041228,10.44,45.01,4.4726,24.06,5.4,6.28,79.71,19.16
berbera,20041229,10.44,45.01,5.7509,23.93,6.45,7.67,74.43,2.98
berbera,20041230,10.44,45.01,6.0163,23.1,6.06,7.2,65.07,0.03
berbera,20041231,10.44,45.01,5.1804,22.46,6.28,7.38,66.6,0.0
berbera,20050101,10.44,45.01,5.5738,22.1,4.02,4.56,64.5,0.0
berbera,20050102,10.44,45.01,6.2287,22.05,3.03,3.41,64.61,0.0
berbera,20050103,10.44,45.01,6.2278,22.38,3.68,4.17,66.06,0.0
berbera,20050104,10.44,45.01,5.7036,22.98,3.56,4.02,73.48,0.0
berbera,20050105,10.44,45.01,5.682,23.6,3.33,3.78,75.28,0.0
berbera,20050106,10.44,45.01,6.0257,23.59,2.75,3.06,73.08,0.0
berbera,20050107,10.44,45.01,5.4862,23.57,2.95,3.29,71.45,0.0
berbera,20050108,10.44,45.01,5.893,23.57,3.8,4.42,73.27,0.0
berbera,20050109,10.44,45.01,5.0165,23.78,4.33,5.0,73.64,0.0
berbera,20050110,10.44,45.01,4.2866,24.27,3.92,4.45,77.76,0.0
berbera,20050111,10.44,45.01,5.8579,24.53,3.39,3.75,78.25,0.06
berbera,20050112,10.44,45.01,5.3914,24.73,4.52,5.21,78.02,0.04
berbera,20050113,10.44,45.01,5.3705,24.81,6.12,7.02,75.76,0.03
berbera,20050114,10.44,45.01,4.8816,24.9,6.09,6.93,77.58,0.09
berbera,20050115,10.44,45.01,4.9562,25.12,5.45,6.18,78.22,0.14
berbera,20050116,10.44,45.01,4.5924,24.88,5.47,6.33,82.33,13.63
berbera,20050117,10.44,45.01,5.076,25.42,5.47,6.35,79.84,2.99
berbera,20050118,10.44,45.01,4.9994,25.22,5.11,5.9,79.03,6.17
berbera,20050119,10.44,45.01,5.4403,25.63,4.87,5.71,70.88,0.06
berbera,20050120,10.44,45.01,5.7408,25.26,4.83,5.55,71.08,0.51
berbera,20050121,10.44,45.01,5.6664,24.69,4.83,5.55,77.07,0.0
berbera,20050122,10.44,45.01,5.9813,24.71,5.24,6.01,75.71,0.0
berbera,20050123,10.44,45.01,5.958,25.23,4.23,4.76,72.53,0.0
berbera,20050124,10.44,45.01,5.0753,25.05,2.96,3.13,75.21,0.0
berbera,20050125,10.44,45.01,5.0837,24.9,3.14,3.52,79.09,0.0
berbera,20050126,10.44,45.01,5.3004,25.31,4.17,4.74,79.28,0.04
berbera,20050127,10.44,45.01,4.921,25.24,3.77,4.27,79.7,0.04
berbera,20050128,10.44,45.01,5.8106,25.16,3.56,4.0,76.48,0.01
berbera,20050129,10.44,45.01,5.2565,24.86,5.67,6.6,75.21,0.02
berbera,20050130,10.44,45.01,6.294,23.99,6.23,7.33,65.96,0.0
berbera,20050131,10.44,45.01,6.6154,22.79,6.51,7.69,63.09,0.0
berbera,20050201,10.44,45.01,6.2818,23.08,5.79,6.84,67.79,0.0
berbera,20050202,10.44,45.01,5.7466,23.54,5.21,6.08,69.04,0.0
berbera,20050203,10.44,45.01,6.5513,23.62,3.91,4.47,69.78,0.0
berbera,20050204,10.44,45.01,6.7954,23.64,3.39,3.68,70.2,0.0
berbera,20050205,10.44,45.01,6.8494,23.34,2.25,2.35,66.83,0.0
berbera,20050206,10.44,45.01,6.8436,23.36,2.46,2.71,64.71,0.0
berbera,20050207,10.44,45.01,6.8395,23.51,2.63,2.89,67.13,0.0
berbera,20050208,10.44,45.01,6.8976,23.97,2.94,3.17,66.53,0.0
berbera,20050209,10.44,45.01,6.5813,24.53,2.74,2.92,69.26,0.0
berbera,20050210,10.44,45.01,6.6533,24.94,2.65,2.78,72.52,0.0
berbera,20050211,10.44,45.01,6.4217,25.48,4.31,4.79,76.5,0.0
berbera,20050212,10.44,45.01,6.4896,26.56,4.61,5.56,71.86,0.0
berbera,20050213,10.44,45.01,6.5734,26.57,4.73,5.55,70.41,0.0
berbera,20050214,10.44,45.01,6.1718,26.15,4.29,4.84,75.48,0.0
berbera,20050215,10.44,45.01,6.4169,25.99,5.18,5.93,70.92,0.0
berbera,20050216,10.44,45.01,6.8026,25.2,4.05,4.51,71.95,0.0
berbera,20050217,10.44,45.01,6.7205,25.22,4.53,5.04,71.82,0.0
berbera,20050218,10.44,45.01,6.8088,25.07,4.93,5.57,74.32,0.0
berbera,20050219,10.44,45.01,6.63,25.36,4.9,5.55,72.76,0.0
berbera,20050220,10.44,45.01,6.2074,25.69,4.89,5.5,73.88,0.0
berbera,20050221,10.44,45.01,6.2165,25.8,5.09,5.73,75.65,0.0
berbera,20050222,10.44,45.01,6.5642,25.29,5.0,5.68,75.83,0.0
berbera,20050223,10.44,45.01,6.6053,24.84,4.7,5.28,73.83,0.0
berbera,20050224,10.44,45.01,6.7068,25.58,5.19,5.87,71.83,0.0
berbera,20050225,10.44,45.01,6.8143,26.52,5.0,5.73,63.85,0.0
berbera,20050226,10.44,45.01,6.601,26.04,3.58,3.95,67.28,0.0
berbera,20050227,10.44,45.01,6.545,26.17,3.26,3.58,73.49,0.0
berbera,20050228,10.44,45.01,6.661,27.14,3.12,3.51,71.28,0.01
berbera,20050301,10.44,45.01,6.2172,26.95,2.55,2.71,73.74,0.06
berbera,20050302,10.44,45.01,6.0917,26.98,3.6,3.99,75.49,0.0
berbera,20050303,10.44,45.01,5.5212,27.1,5.16,5.92,78.48,0.0
berbera,20050304,10.44,45.01,5.9527,27.45,4.81,5.57,75.89,0.0
berbera,20050305,10.44,45.01,6.7092,27.65,3.88,4.45,73.65,0.0
berbera,20050306,10.44,45.01,6.1692,27.41,4.32,4.9,76.71,0.0
berbera,20050307,10.44,45.01,6.3166,27.52,4.65,5.38,76.44,0.11
berbera,20050308,10.44,45.01,6.0996,27.53,4.94,5.84,76.18,0.09
berbera,20050309,10.44,45.01,6.4171,27.73,5.53,6.52,74.39,0.09
berbera,20050310,10.44,45.01,6.5278,27.66,5.54,6.54,70.36,0.0
berbera,20050311,10.44,45.01,6.6132,27.99,5.41,6.41,66.2,0.0
berbera,20050312,10.44,45.01,6.5556,28.0,4.91,5.64,70.05,0.0
berbera,20050313,10.44,45.01,6.4522,27.49,4.23,4.69,73.67,0.0
berbera,20050314,10.44,45.01,6.215,26.77,3.93,4.29,77.65,0.0
berbera,20050315,10.44,45.01,6.828,27.31,4.64,5.16,73.09,0.0
berbera,20050316,10.44,45.01,7.134,27.53,4.24,4.58,73.51,0.0
berbera,20050317,10.44,45.01,6.7699,27.94,3.65,3.92,72.97,1.01
berbera,20050318,10.44,45.01,6.7195,27.27,3.09,3.26,78.35,4.37
berbera,20050319,10.44,45.01,6.5215,27.37,3.12,3.35,75.87,1.1
berbera,20050320,10.44,45.01,6.6461,27.06,2.81,3.03,76.8,2.8
berbera,20050321,10.44,45.01,6.629,27.09,4.44,4.94,77.62,1.47
berbera,20050322,10.44,45.01,6.4025,26.82,4.35,4.77,71.81,0.0
berbera,20050323,10.44,45.01,7.5074,26.47,3.15,3.35,70.3,0.0
berbera,20050324,10.44,45.01,7.4004,26.06,2.52,2.55,72.66,0.24
berbera,20050325,10.44,45.01,6.3278,26.92,3.25,3.54,70.87,1.82
berbera,20050326,10.44,45.01,7.0262,27.53,4.02,4.46,72.13,0.01
berbera,20050327,10.44,45.01,7.3142,27.66,3.82,4.22,69.98,0.0
berbera,20050328,10.44,45.01,7.4981,27.18,3.44,3.78,69.35,0.0
berbera,20050329,10.44,45.01,7.6824,27.41,3.74,4.17,68.3,0.0
berbera,20050330,10.44,45.01,7.625,28.02,4.11,4.66,67.47,0.0
berbera,20050331,10.44,45.01,7.4292,29.06,4.37,5.26,55.72,0.0
berbera,20050401,10.44,45.01,7.4023,29.48,4.08,4.79,54.22,0.0
berbera,20050402,10.44,45.01,7.4434,28.37,3.74,4.33,64.55,0.0
berbera,20050403,10.44,45.01,7.5902,27.28,3.7,4.2,63.72,0.0
berbera,20050404,10.44,45.01,7.3025,26.37,3.44,3.79,65.31,0.0
berbera,20050405,10.44,45.01,7.5694,26.3,3.62,4.02,65.89,0.0
berbera,20050406,10.44,45.01,7.5012,26.71,2.91,3.29,63.11,0.0
berbera,20050407,10.44,45.01,7.6639,28.24,3.32,3.9,52.03,0.0
berbera,20050408,10.44,45.01,7.5562,28.3,3.59,4.08,52.64,0.0
berbera,20050409,10.44,45.01,7.2598,28.79,4.6,5.45,60.53,0.0
berbera,20050410,10.44,45.01,7.3534,28.75,4.75,5.58,62.9,0.0
berbera,20050411,10.44,45.01,7.0826,27.98,5.01,5.74,65.28,0.0
berbera,20050412,10.44,45.01,6.9869,28.08,5.13,5.89,70.13,0.0
berbera,20050413,10.44,45.01,6.7531,28.31,5.08,5.9,71.01,0.0
berbera,20050414,10.44,45.01,6.2275,28.41,5.15,5.98,74.4,0.0
berbera,20050415,10.44,45.01,6.7512,29.07,4.83,5.62,72.41,0.0
berbera,20050416,10.44,45.01,6.6646,29.1,3.88,4.66,74.05,11.26
berbera,20050417,10.44,45.01,6.6194,29.57,3.83,4.75,71.51,5.97
berbera,20050418,10.44,45.01,6.4927,29.11,3.97,5.06,73.41,20.58
berbera,20050419,10.44,45.01,4.9586,28.61,4.46,5.53,76.65,38.02
berbera,20050420,10.44,45.01,6.1147,28.43,4.15,5.15,75.12,37.65
berbera,20050421,10.44,45.01,6.3274,27.9,4.51,5.28,74.98,2.94
berbera,20050422,10.44,45.01,6.5256,28.04,3.84,4.35,77.58,4.13
berbera,20050423,10.44,45.01,6.8191,28.85,3.87,4.54,74.85,1.47
berbera,20050424,10.44,45.01,5.7641,28.69,3.68,4.43,70.51,2.46
berbera,20050425,10.44,45.01,6.2621,29.16,3.66,4.27,66.71,4.68
berbera,20050426,10.44,45.01,6.4661,29.19,3.07,3.82,75.7,13.61
berbera,20050427,10.44,45.01,3.8191,26.43,4.87,5.74,79.57,5.19
berbera,20050428,10.44,45.01,5.9902,28.34,3.11,3.61,70.59,0.44
berbera,20050429,10.44,45.01,4.4299,29.47,2.87,3.43,70.38,1.42
berbera,20050430,10.44,45.01,7.1366,29.52,3.78,4.38,71.63,0.82
berbera,20050501,10.44,45.01,6.737,29.76,3.31,3.8,70.3,0.6
berbera,20050502,10.44,45.01,6.9468,30.11,2.65,3.11,69.01,0.62
berbera,20050503,10.44,45.01,6.0115,29.99,2.93,3.31,72.38,0.59
berbera,20050504,10.44,45.01,6.5803,29.83,3.39,3.99,72.73,4.32
berbera,20050505,10.44,45.01,6.2477,29.08,3.42,4.04,74.36,0.5
berbera,20050506,10.44,45.01,6.6967,28.93,4.74,5.58,67.41,0.34
berbera,20050507,10.44,45.01,6.3583,29.17,3.49,4.06,62.48,3.96
berbera,20050508,10.44,45.01,6.6019,29.29,2.39,2.66,69.82,7.39
berbera,20050509,10.44,45.01,6.2839,29.22,1.92,2.38,73.75,2.64
berbera,20050510,10.44,45.01,5.8783,29.36,3.07,3.56,70.74,4.82
berbera,20050511,10.44,45.01,6.6806,29.83,3.18,3.84,71.04,0.01
berbera,20050512,10.44,45.01,6.936,29.75,3.17,3.78,71.93,0.01
berbera,20050513,10.44,45.01,6.4771,29.56,2.79,3.24,72.94,0.03
berbera,20050514,10.44,45.01,6.2436,29.19,3.77,4.32,73.75,0.02
berbera,20050515,10.44,45.01,6.4236,29.46,3.15,3.59,70.8,0.02
berbera,20050516,10.44,45.01,5.711,30.16,3.25,3.74,70.25,1.3
berbera,20050517,10.44,45.01,4.4016,29.47,2.75,3.21,77.04,2.03
berbera,20050518,10.44,45.01,6.5933,30.23,2.55,3.23,68.25,1.28
berbera,20050519,10.44,45.01,6.9794,30.39,3.96,4.55,66.21,0.44
berbera,20050520,10.44,45.01,6.6893,30.39,2.79,3.3,70.53,0.63
berbera,20050521,10.44,45.01,6.485,30.49,2.8,3.39,67.38,0.04
berbera,20050522,10.44,45.01,6.7284,31.15,3.19,3.95,65.01,0.02
berbera,20050523,10.44,45.01,7.1724,30.23,2.92,3.4,68.48,0.1
berbera,20050524,10.44,45.01,5.597,30.91,2.67,3.36,63.52,0.1
berbera,20050525,10.44,45.01,6.3938,30.7,3.28,4.04,63.47,0.08
berbera,20050526,10.44,45.01,6.3113,30.37,2.71,3.18,64.12,0.0
berbera,20050527,10.44,45.01,6.7874,30.67,2.69,3.11,60.79,0.0
berbera,20050528,10.44,45.01,7.2506,31.39,2.82,3.31,58.16,0.0
berbera,20050529,10.44,45.01,7.1582,31.57,3.3,3.9,55.83,0.0
berbera,20050530,10.44,45.01,7.0409,32.02,3.96,4.73,57.06,0.0
berbera,20050531,10.44,45.01,6.9905,32.15,3.91,4.73,54.58,0.0
berbera,20050601,10.44,45.01,6.5182,31.49,4.0,4.67,60.72,0.0
berbera,20050602,10.44,45.01,7.0068,31.94,3.8,4.61,62.05,0.0
berbera,20050603,10.44,45.01,7.0138,31.85,3.38,4.12,61.84,0.0
berbera,20050604,10.44,45.01,7.1134,31.7,4.55,5.5,59.04,0.0
berbera,20050605,10.44,45.01,6.9458,31.56,5.8,7.02,57.04,0.0
berbera,20050606,10.44,45.01,6.967,31.59,5.86,6.96,58.62,0.01
berbera,20050607,10.44,45.01,6.882,31.55,5.95,7.06,58.5,0.11
berbera,20050608,10.44,45.01,6.9883,31.6,5.57,6.56,57.41,0.16
berbera,20050609,10.44,45.01,7.0764,31.9,6.13,7.29,54.85,0.0
berbera,20050610,10.44,45.01,6.7987,32.58,6.19,7.7,52.24,0.0
berbera,20050611,10.44,45.01,6.5489,32.05,7.03,8.82,53.55,0.0
berbera,20050612,10.44,45.01,6.6797,31.89,7.04,8.87,51.41,0.0
berbera,20050613,10.44,45.01,6.7836,31.83,6.75,8.37,52.77,0.0
berbera,20050614,10.44,45.01,6.8976,31.98,6.88,8.52,52.6,0.0
berbera,20050615,10.44,45.01,6.8633,32.04,6.65,8.27,51.69,0.0
berbera,20050616,10.44,45.01,6.5683,32.03,6.16,7.59,55.67,0.0
berbera,20050617,10.44,45.01,6.8573,32.27,7.09,8.7,52.65,0.0
berbera,20050618,10.44,45.01,6.9564,32.49,8.14,10.12,52.32,0.0
berbera,20050619,10.44,45.01,5.3246,33.05,9.33,11.6,48.05,0.0
berbera,20050620,10.44,45.01,6.1418,32.75,8.61,10.84,47.7,0.0
berbera,20050621,10.44,45.01,6.0252,32.16,8.73,11.13,51.57,0.0
berbera,20050622,10.44,45.01,6.2402,32.37,9.36,11.77,49.77,0.0
berbera,20050623,10.44,45.01,6.3389,32.02,8.34,10.53,52.25,0.0
berbera,20050624,10.44,45.01,6.3643,31.68,7.6,9.71,52.01,0.0
berbera,20050625,10.44,45.01,6.5266,32.29,8.57,11.04,49.54,0.0
berbera,20050626,10.44,45.01,6.3103,32.67,8.74,11.07,50.1,0.0
berbera,20050627,10.44,45.01,6.4994,32.78,8.86,11.18,47.36,0.0
berbera,20050628,10.44,45.01,6.6996,32.55,8.46,10.88,48.15,0.0
berbera,20050629,10.44,45.01,6.329,32.32,7.71,9.94,49.73,0.0
berbera,20050630,10.44,45.01,6.0888,31.79,7.45,9.61,49.4,0.0
berbera,20050701,10.44,45.01,5.5901,32.23,7.42,9.75,50.41,0.0
berbera,20050702,10.44,45.01,5.8622,32.41,8.26,10.51,48.92,0.0
berbera,20050703,10.44,45.01,6.3696,32.12,7.15,9.31,49.56,0.0
berbera,20050704,10.44,45.01,6.727,31.78,7.57,9.83,50.29,0.0
berbera,20050705,10.44,45.01,6.2174,31.85,8.13,10.52,49.3,0.0
berbera,20050706,10.44,45.01,6.3677,31.75,8.68,11.09,50.75,0.0
berbera,20050707,10.44,45.01,5.8291,31.32,7.18,9.46,52.86,0.0
berbera,20050708,10.44,45.01,6.0456,31.05,6.67,9.03,53.4,0.0
berbera,20050709,10.44,45.01,6.3547,31.42,6.93,9.28,51.71,0.0
berbera,20050710,10.44,45.01,6.5095,31.49,6.87,9.28,51.85,0.0
berbera,20050711,10.44,45.01,5.9662,31.74,8.94,11.56,50.42,0.0
berbera,20050712,10.44,45.01,6.1702,32.11,9.51,12.28,46.61,0.0
berbera,20050713,10.44,45.01,5.4048,32.29,9.64,12.61,47.7,0.0
berbera,20050714,10.44,45.01,5.9018,31.86,7.57,9.95,48.59,0.0
berbera,20050715,10.44,45.01,5.9071,32.8,8.4,10.75,43.33,0.01
berbera,20050716,10.44,45.01,6.4757,32.74,10.26,12.89,44.68,0.0
berbera,20050717,10.44,45.01,6.289,31.43,8.22,10.63,53.24,0.44
berbera,20050718,10.44,45.01,6.3468,31.06,6.88,9.13,55.49,0.1
berbera,20050719,10.44,45.01,6.5206,31.88,9.4,11.81,48.5,0.13
berbera,20050720,10.44,45.01,6.4906,32.29,10.92,13.8,46.28,0.0
berbera,20050721,10.44,45.01,6.4128,32.37,10.33,13.11,47.79,0.0
berbera,20050722,10.44,45.01,6.8986,32.85,8.65,11.12,48.49,0.0
berbera,20050723,10.44,45.01,5.814,32.54,9.62,12.47,47.95,0.0
berbera,20050724,10.44,45.01,4.9558,31.8,12.1,15.4,47.29,0.0
berbera,20050725,10.44,45.01,5.9261,31.55,8.53,11.01,49.36,0.0
berbera,20050726,10.44,45.01,5.9594,31.96,7.19,9.53,49.9,0.0
berbera,20050727,10.44,45.01,4.3867,31.87,6.78,9.17,53.39,0.0
berbera,20050728,10.44,45.01,6.1582,32.23,8.63,11.25,48.57,0.0
berbera,20050729,10.44,45.01,6.1997,32.28,9.58,12.37,46.84,0.0
berbera,20050730,10.44,45.01,6.5546,32.13,8.28,10.9,46.37,0.0
berbera,20050731,10.44,45.01,5.777,31.97,8.97,11.63,47.44,0.0
berbera,20050801,10.44,45.01,5.6393,32.29,9.39,12.01,46.29,0.01
berbera,20050802,10.44,45.01,6.4234,32.41,8.88,11.3,46.5,0.01
berbera,20050803,10.44,45.01,6.5616,32.46,7.98,10.16,45.05,0.01
berbera,20050804,10.44,45.01,6.0823,32.09,8.44,10.69,46.16,0.05
berbera,20050805,10.44,45.01,6.3818,32.02,10.19,12.94,47.08,0.07
berbera,20050806,10.44,45.01,6.4558,32.28,9.87,12.54,44.8,0.02
berbera,20050807,10.44,45.01,6.7534,32.73,7.66,9.94,44.82,0.08
berbera,20050808,10.44,45.01,6.9874,32.4,8.27,10.81,45.79,0.02
berbera,20050809,10.44,45.01,6.7838,32.46,7.57,9.95,45.57,0.18
berbera,20050810,10.44,45.01,6.402,32.59,7.19,9.56,47.24,0.22
berbera,20050811,10.44,45.01,6.2129,32.09,6.86,9.01,47.74,0.36
berbera,20050812,10.44,45.01,6.6835,31.32,5.07,6.88,52.21,0.46
berbera,20050813,10.44,45.01,6.8611,31.61,5.47,7.29,52.39,0.2
berbera,20050814,10.44,45.01,7.0409,32.22,5.96,7.84,49.96,0.19
berbera,20050815,10.44,45.01,7.0846,32.52,5.99,7.78,47.96,0.07
berbera,20050816,10.44,45.01,6.8609,33.44,6.87,8.73,46.68,0.17
berbera,20050817,10.44,45.01,6.4783,33.11,6.97,8.86,46.72,0.19
berbera,20050818,10.44,45.01,6.9034,33.08,6.85,8.81,46.82,0.21
berbera,20050819,10.44,45.01,7.0608,33.17,6.81,8.74,46.86,0.33
berbera,20050820,10.44,45.01,6.9293,33.16,7.91,10.03,47.63,0.4
berbera,20050821,10.44,45.01,6.6451,32.73,7.23,9.24,49.04,0.18
berbera,20050822,10.44,45.01,6.7778,32.66,5.38,7.05,51.22,0.49
berbera,20050823,10.44,45.01,6.1714,32.85,6.29,8.13,49.71,0.25
berbera,20050824,10.44,45.01,6.5786,32.85,6.29,8.01,47.48,0.01
berbera,20050825,10.44,45.01,6.4807,32.21,6.81,8.57,49.45,0.02
berbera,20050826,10.44,45.01,6.7068,32.07,7.09,8.9,49.92,0.02
berbera,20050827,10.44,45.01,6.2674,32.74,7.97,10.29,46.32,0.02
berbera,20050828,10.44,45.01,6.474,32.7,7.93,10.07,46.7,0.01
berbera,20050829,10.44,45.01,6.3406,32.11,6.3,7.89,50.05,0.08
berbera,20050830,10.44,45.01,6.9689,32.11,6.11,7.55,47.09,0.01
berbera,20050831,10.44,45.01,6.8198,32.06,7.45,9.2,45.85,0.02
berbera,20050901,10.44,45.01,7.309,32.17,6.47,8.0,46.4,0.0
berbera,20050902,10.44,45.01,6.8606,32.08,5.71,7.19,49.34,0.1
berbera,20050903,10.44,45.01,7.0373,32.97,5.32,6.79,46.49,0.03
berbera,20050904,10.44,45.01,6.5278,32.95,6.81,8.97,46.15,0.02
berbera,20050905,10.44,45.01,6.467,32.53,5.63,7.35,48.07,0.04
berbera,20050906,10.44,45.01,5.7041,32.52,5.6,7.28,48.66,0.12
berbera,20050907,10.44,45.01,6.8414,32.68,4.82,6.34,50.6,0.12
berbera,20050908,10.44,45.01,6.7529,32.45,5.32,7.07,51.02,0.14
berbera,20050909,10.44,45.01,6.5674,32.31,5.6,7.31,49.66,0.03
berbera,20050910,10.44,45.01,6.2018,32.59,5.75,7.48,50.78,1.17
berbera,20050911,10.44,45.01,4.3745,31.85,5.81,7.2,53.49,1.41
berbera,20050912,10.44,45.01,6.4375,31.78,5.48,6.66,52.34,0.05
berbera,20050913,10.44,45.01,6.9365,32.28,5.22,6.7,50.51,0.13
berbera,20050914,10.44,45.01,6.8402,32.73,5.78,7.72,48.83,0.01
berbera,20050915,10.44,45.01,5.9798,31.11,6.67,8.31,61.41,0.26
berbera,20050916,10.44,45.01,5.1886,31.63,4.72,5.85,58.07,0.66
berbera,20050917,10.44,45.01,6.3278,31.82,4.65,5.75,52.08,0.01
berbera,20050918,10.44,45.01,6.4387,32.19,4.79,5.96,51.86,0.0
berbera,20050919,10.44,45.01,6.7464,32.45,4.63,5.66,52.47,0.0
berbera,20050920,10.44,45.01,6.9902,33.1,4.73,5.88,49.72,0.0
berbera,20050921,10.44,45.01,6.9504,33.34,5.16,6.48,47.54,0.0
berbera,20050922,10.44,45.01,6.3586,33.09,4.53,5.57,49.33,0.0
berbera,20050923,10.44,45.01,6.5398,33.51,4.73,5.98,46.13,0.0
berbera,20050924,10.44,45.01,6.665,32.88,4.88,5.87,49.84,0.0
berbera,20050925,10.44,45.01,7.098,32.92,4.09,4.85,52.59,0.0
berbera,20050926,10.44,45.01,6.5054,32.06,3.24,3.62,58.74,0.0
berbera,20050927,10.44,45.01,6.4214,30.45,2.8,2.93,70.7,0.0
berbera,20050928,10.44,45.01,6.5945,30.37,2.83,2.93,70.5,0.0
berbera,20050929,10.44,45.01,6.858,30.62,2.05,2.2,60.75,0.0
berbera,20050930,10.44,45.01,5.3424,31.61,3.29,3.81,52.87,0.0
berbera,20051001,10.44,45.01,5.9136,31.4,4.27,4.85,58.17,0.0
berbera,20051002,10.44,45.01,6.4678,31.22,3.56,3.99,55.89,0.0
berbera,20051003,10.44,45.01,6.9242,30.72,2.64,2.92,55.76,0.0
berbera,20051004,10.44,45.01,6.9588,31.21,3.06,3.61,43.97,0.0
berbera,20051005,10.44,45.01,6.6854,30.92,4.38,5.02,57.34,0.04
berbera,20051006,10.44,45.01,6.3631,31.29,2.97,3.46,59.34,0.06
berbera,20051007,10.44,45.01,6.4102,30.85,2.96,3.18,61.0,0.14
berbera,20051008,10.44,45.01,6.4073,30.29,2.73,2.96,63.34,0.0
berbera,20051009,10.44,45.01,6.4397,30.41,3.45,3.89,62.17,0.0
berbera,20051010,10.44,45.01,6.1224,29.64,3.94,4.46,65.92,0.0
berbera,20051011,10.44,45.01,6.2508,29.12,4.86,5.66,66.38,0.0
berbera,20051012,10.44,45.01,6.745,28.43,4.32,4.95,69.27,0.0
berbera,20051013,10.44,45.01,6.5318,28.29,3.13,3.46,65.54,0.0
berbera,20051014,10.44,45.01,6.913,27.74,2.59,2.85,62.99,0.0
berbera,20051015,10.44,45.01,6.84,28.68,3.34,3.81,57.72,0.0
berbera,20051016,10.44,45.01,6.72,28.98,4.2,4.88,54.57,0.0
berbera,20051017,10.44,45.01,6.3814,28.24,4.15,4.68,69.03,0.0
berbera,20051018,10.44,45.01,6.414,28.49,4.35,4.89,64.09,0.0
berbera,20051019,10.44,45.01,6.7205,28.21,2.9,3.21,58.74,0.0
berbera,20051020,10.44,45.01,6.6437,28.41,2.94,3.26,58.85,0.0
berbera,20051021,10.44,45.01,6.7013,28.73,3.78,4.21,60.83,0.0
berbera,20051022,10.44,45.01,6.7138,28.4,4.19,4.79,60.77,0.0
berbera,20051023,10.44,45.01,6.5074,27.76,4.21,4.86,65.09,0.0
berbera,20051024,10.44,45.01,6.4726,27.43,4.11,4.7,62.31,0.0
berbera,20051025,10.44,45.01,6.4282,28.07,4.26,4.95,57.73,0.0
berbera,20051026,10.44,45.01,6.6446,28.26,3.61,4.17,56.46,0.0
berbera,20051027,10.44,45.01,6.6814,28.75,3.33,3.85,50.82,0.0
berbera,20051028,10.44,45.01,6.6406,28.6,4.49,5.25,53.92,0.0
berbera,20051029,10.44,45.01,6.5554,28.05,4.12,4.8,57.65,0.0
berbera,20051030,10.44,45.01,6.3917,27.94,3.95,4.49,60.07,0.0
berbera,20051031,10.44,45.01,6.3725,27.89,4.13,4.69,66.76,0.0
berbera,20051101,10.44,45.01,6.6058,27.52,3.03,3.3,65.74,0.0
berbera,20051102,10.44,45.01,6.6115,27.56,3.0,3.24,66.88,0.0
berbera,20051103,10.44,45.01,6.642,27.75,2.97,3.25,63.53,0.0
berbera,20051104,10.44,45.01,6.6187,27.63,3.74,4.25,58.73,0.0
berbera,20051105,10.44,45.01,6.6655,26.94,3.73,4.21,60.47,0.0
berbera,20051106,10.44,45.01,6.7409,26.36,4.33,4.91,62.57,0.0
berbera,20051107,10.44,45.01,6.4858,25.95,3.2,3.5,65.66,0.0
berbera,20051108,10.44,45.01,6.3367,26.56,3.45,3.84,70.95,0.0
berbera,20051109,10.44,45.01,6.2602,26.78,4.01,4.51,71.82,0.0
berbera,20051110,10.44,45.01,6.3852,26.44,3.78,4.22,67.71,0.0
berbera,20051111,10.44,45.01,6.4476,26.23,4.67,5.33,67.31,0.0
berbera,20051112,10.44,45.01,6.4313,25.9,4.29,4.91,69.19,0.0
berbera,20051113,10.44,45.01,6.1721,26.51,4.21,4.8,69.44,0.0
berbera,20051114,10.44,45.01,5.845,26.88,4.76,5.28,71.77,0.0
berbera,20051115,10.44,45.01,5.982,27.01,5.12,5.69,74.39,0.0
berbera,20051116,10.44,45.01,6.0463,27.2,4.47,4.96,72.54,0.0
berbera,20051117,10.44,45.01,5.8339,27.17,4.06,4.42,73.61,0.45
berbera,20051118,10.44,45.01,5.7799,26.92,3.89,4.19,75.23,0.95
berbera,20051119,10.44,45.01,5.8445,26.91,4.11,4.56,73.08,0.29
berbera,20051120,10.44,45.01,5.9534,26.38,4.22,4.68,73.1,0.03
berbera,20051121,10.44,45.01,6.1543,25.81,4.32,4.88,72.57,0.23
berbera,20051122,10.44,45.01,6.0725,25.46,4.63,5.3,71.49,0.0
berbera,20051123,10.44,45.01,5.9287,25.37,4.69,5.44,71.72,0.0
berbera,20051124,10.44,45.01,6.1978,25.51,3.78,4.33,66.71,0.0
berbera,20051125,10.44,45.01,6.077,25.21,3.48,3.97,69.35,0.0
berbera,20051126,10.44,45.01,6.0554,25.34,3.38,3.87,67.61,0.0
berbera,20051127,10.44,45.01,6.1322,25.35,3.32,3.83,61.67,0.0
berbera,20051128,10.44,45.01,6.1987,25.15,3.9,4.45,58.95,0.0
berbera,20051129,10.44,45.01,6.2184,24.79,4.05,4.62,63.32,0.0
berbera,20051130,10.44,45.01,6.024,24.63,3.5,3.94,65.98,0.0
berbera,20051201,10.44,45.01,6.1344,24.83,3.5,3.94,64.77,0.0
berbera,20051202,10.44,45.01,5.8987,24.86,3.92,4.48,68.23,0.0
berbera,20051203,10.44,45.01,5.6501,24.61,4.19,4.83,70.99,0.0
berbera,20051204,10.44,45.01,5.917,24.56,4.33,5.01,69.27,0.0
berbera,20051205,10.44,45.01,5.8718,24.67,5.11,6.01,68.57,0.0
berbera,20051206,10.44,45.01,6.0612,24.74,5.01,5.88,71.27,0.0
berbera,20051207,10.44,45.01,5.55,25.41,5.11,6.01,73.19,0.0
berbera,20051208,10.44,45.01,5.7773,25.49,4.53,5.18,73.5,0.0
berbera,20051209,10.44,45.01,5.3479,25.51,4.06,4.69,77.78,0.0
berbera,20051210,10.44,45.01,5.6357,24.85,4.51,5.19,68.14,0.0
berbera,20051211,10.44,45.01,6.149,24.05,3.4,3.85,70.18,0.0
berbera,20051212,10.44,45.01,5.9633,24.33,3.72,4.25,71.38,0.0
berbera,20051213,10.44,45.01,5.8673,24.51,4.67,5.4,70.85,0.0
berbera,20051214,10.44,45.01,6.0355,24.34,4.94,5.81,69.89,0.0
berbera,20051215,10.44,45.01,6.0948,23.96,4.39,5.1,70.81,0.0
berbera,20051216,10.44,45.01,6.0461,24.32,4.63,5.25,70.97,0.0
berbera,20051217,10.44,45.01,5.9873,24.62,4.17,4.65,72.06,0.0
berbera,20051218,10.44,45.01,5.9419,24.41,3.6,4.03,74.11,0.0
berbera,20051219,10.44,45.01,5.9417,24.14,3.84,4.37,72.82,0.0
berbera,20051220,10.44,45.01,5.8721,23.9,4.11,4.68,70.13,0.0
berbera,20051221,10.44,45.01,5.9443,23.6,3.48,3.93,70.97,0.0
berbera,20051222,10.44,45.01,6.0103,23.73,3.97,4.61,69.23,0.0
berbera,20051223,10.44,45.01,5.7228,24.07,4.49,5.09,71.9,0.0
berbera,20051224,10.44,45.01,5.8238,24.66,4.98,5.62,70.22,0.0
berbera,20051225,10.44,45.01,5.395,24.63,4.89,5.47,73.27,0.0
berbera,20051226,10.44,45.01,5.5555,24.47,3.75,4.26,73.74,0.0
berbera,20051227,10.44,45.01,5.807,24.04,3.9,4.45,70.63,0.0
berbera,20051228,10.44,45.01,5.3899,24.59,5.77,6.68,70.62,0.0
berbera,20051229,10.44,45.01,4.6337,24.79,6.54,7.54,71.45,0.0
berbera,20051230,10.44,45.01,5.7905,24.52,5.89,6.9,69.16,0.0
berbera,20051231,10.44,45.01,5.8898,24.29,5.33,6.24,70.44,0.0
berbera,20060101,10.44,45.01,5.8498,24.25,5.79,6.86,70.36,0.0
berbera,20060102,10.44,45.01,5.9366,24.13,6.01,7.13,67.43,0.0
berbera,20060103,10.44,45.01,6.1519,23.77,5.49,6.41,69.38,0.02
berbera,20060104,10.44,45.01,5.4732,24.64,6.89,7.93,75.61,0.07
berbera,20060105,10.44,45.01,5.8632,24.15,6.92,8.08,69.88,0.01
berbera,20060106,10.44,45.01,5.7394,23.93,6.46,7.63,69.82,0.0
berbera,20060107,10.44,45.01,5.7118,23.74,6.0,7.0,68.46,0.0
berbera,20060108,10.44,45.01,5.9738,23.52,4.84,5.52,70.51,0.0
berbera,20060109,10.44,45.01,6.1234,23.77,4.54,5.02,69.95,0.0
berbera,20060110,10.44,45.01,6.041,23.94,4.37,4.89,74.77,0.0
berbera,20060111,10.44,45.01,6.1214,24.2,4.48,5.03,75.07,0.0
berbera,20060112,10.44,45.01,5.6261,25.31,4.94,5.51,75.38,0.0
berbera,20060113,10.44,45.01,5.7552,25.61,4.18,4.76,77.95,0.0
berbera,20060114,10.44,45.01,6.017,25.64,3.42,3.77,75.02,0.0
berbera,20060115,10.44,45.01,5.6623,24.71,2.46,2.64,75.65,0.0
berbera,20060116,10.44,45.01,5.5174,24.51,2.49,2.78,79.74,0.0
berbera,20060117,10.44,45.01,5.8862,24.43,3.81,4.26,76.31,0.0
berbera,20060118,10.44,45.01,6.0614,24.04,2.95,3.19,72.82,0.0
berbera,20060119,10.44,45.01,5.5694,24.67,4.6,5.1,74.75,0.0
berbera,20060120,10.44,45.01,3.169,24.89,7.79,9.07,85.05,0.0
berbera,20060121,10.44,45.01,5.5258,25.0,6.13,7.18,82.27,7.6
berbera,20060122,10.44,45.01,5.6038,24.42,5.01,5.88,81.98,2.59
berbera,20060123,10.44,45.01,6.0206,24.47,5.48,6.41,77.38,0.3
berbera,20060124,10.44,45.01,5.6131,24.36,5.3,6.12,75.68,0.24
berbera,20060125,10.44,45.01,6.0564,24.11,5.12,5.88,74.03,0.07
berbera,20060126,10.44,45.01,5.5138,24.05,5.28,5.91,74.57,0.0
berbera,20060127,10.44,45.01,5.3558,23.73,4.3,4.85,77.67,0.0
berbera,20060128,10.44,45.01,6.4507,23.81,3.69,4.09,72.54,0.0
berbera,20060129,10.44,45.01,6.6713,24.18,3.89,4.23,73.36,0.0
berbera,20060130,10.44,45.01,5.8699,24.43,4.46,4.88,77.13,0.0
berbera,20060131,10.44,45.01,5.4828,25.08,5.89,6.66,75.54,0.0
berbera,20060201,10.44,45.01,5.4302,25.02,6.16,7.01,77.57,0.0
berbera,20060202,10.44,45.01,5.4703,25.01,6.11,7.0,76.28,0.0
berbera,20060203,10.44,45.01,6.0468,25.01,6.35,7.15,74.46,0.0
berbera,20060204,10.44,45.01,6.0012,25.03,5.4,6.07,74.48,0.0
berbera,20060205,10.44,45.01,6.0235,25.28,4.8,5.4,74.33,0.0
berbera,20060206,10.44,45.01,6.2345,25.79,5.01,5.69,71.32,0.0
berbera,20060207,10.44,45.01,6.4006,25.9,5.18,5.9,71.81,0.0
berbera,20060208,10.44,45.01,6.6077,25.76,5.32,6.12,70.78,0.0
berbera,20060209,10.44,45.01,6.4248,25.89,5.09,5.87,69.81,0.0
berbera,20060210,10.44,45.01,5.9213,25.29,4.5,5.02,73.73,0.0
berbera,20060211,10.44,45.01,6.4363,24.72,4.14,4.56,75.65,0.0
berbera,20060212,10.44,45.01,6.1824,24.56,4.2,4.53,74.93,0.0
berbera,20060213,10.44,45.01,6.0967,24.82,4.34,4.74,74.63,0.0
berbera,20060214,10.44,45.01,6.2741,24.83,3.99,4.37,75.33,0.0
berbera,20060215,10.44,45.01,6.2345,25.11,3.42,3.7,74.06,0.01
berbera,20060216,10.44,45.01,6.7236,25.26,3.31,3.49,75.59,0.0
berbera,20060217,10.44,45.01,6.0934,25.17,3.6,3.79,75.75,0.01
berbera,20060218,10.44,45.01,4.9428,25.53,4.47,4.94,78.69,0.04
berbera,20060219,10.44,45.01,4.5641,25.66,5.37,6.07,79.11,0.09
berbera,20060220,10.44,45.01,6.2441,25.38,4.82,5.31,76.35,0.03
berbera,20060221,10.44,45.01,6.4531,25.38,4.18,4.52,77.26,0.01
berbera,20060222,10.44,45.01,6.2894,25.57,4.05,4.41,75.66,0.01
berbera,20060223,10.44,45.01,6.5758,26.39,4.07,4.51,73.03,0.0
berbera,20060224,10.44,45.01,5.9604,25.91,3.79,4.09,78.6,0.02
berbera,20060225,10.44,45.01,5.3623,25.49,4.79,5.6,78.57,0.1
berbera,20060226,10.44,45.01,6.3499,24.53,6.29,7.34,70.62,0.0
berbera,20060227,10.44,45.01,7.1851,23.54,6.18,7.22,58.38,0.0
berbera,20060228,10.44,45.01,7.2866,23.52,5.59,6.53,62.4,0.0
berbera,20060301,10.44,45.01,6.5174,23.86,5.04,5.81,68.82,0.01
berbera,20060302,10.44,45.01,7.1573,23.66,3.82,4.3,65.03,0.0
berbera,20060303,10.44,45.01,7.3495,23.54,3.84,4.32,67.51,0.0
berbera,20060304,10.44,45.01,7.427,23.54,3.28,3.62,67.94,0.0
berbera,20060305,10.44,45.01,7.3615,23.7,3.36,3.59,66.64,0.0
berbera,20060306,10.44,45.01,7.1911,24.79,3.66,3.94,64.98,0.0
berbera,20060307,10.44,45.01,6.8402,26.09,4.29,4.77,73.86,0.01
berbera,20060308,10.44,45.01,6.4562,26.87,4.37,4.98,76.97,0.3
berbera,20060309,10.44,45.01,6.6019,27.0,4.64,5.41,77.14,0.57
berbera,20060310,10.44,45.01,6.541,26.43,4.07,4.53,78.97,0.26
berbera,20060311,10.44,45.01,6.5424,26.26,3.98,4.28,76.98,0.08
berbera,20060312,10.44,45.01,6.756,26.18,4.27,4.67,78.32,0.3
berbera,20060313,10.44,45.01,6.6158,26.34,4.73,5.18,76.71,0.79
berbera,20060314,10.44,45.01,6.7634,26.28,4.0,4.34,75.31,0.6
berbera,20060315,10.44,45.01,6.7464,26.32,3.08,3.31,74.07,0.46
berbera,20060316,10.44,45.01,6.397,26.21,3.29,3.44,76.88,0.81
berbera,20060317,10.44,45.01,6.9192,26.28,3.42,3.64,76.71,0.77
berbera,20060318,10.44,45.01,6.979,26.37,2.86,3.0,75.94,0.33
berbera,20060319,10.44,45.01,6.7298,26.12,2.4,2.49,75.66,0.8
berbera,20060320,10.44,45.01,6.3847,26.23,2.61,2.77,75.88,0.52
berbera,20060321,10.44,45.01,6.8964,26.61,4.07,4.45,75.84,0.63
berbera,20060322,10.44,45.01,6.7942,26.58,4.48,4.93,75.2,0.09
berbera,20060323,10.44,45.01,6.7231,26.56,4.8,5.34,75.74,0.08
berbera,20060324,10.44,45.01,6.5141,26.35,5.02,5.59,79.28,8.16
berbera,20060325,10.44,45.01,7.1138,26.36,4.65,5.19,80.27,6.18
berbera,20060326,10.44,45.01,7.3807,26.91,4.81,5.53,74.04,0.09
berbera,20060327,10.44,45.01,7.2451,27.19,4.21,4.89,70.3,0.04
berbera,20060328,10.44,45.01,7.2074,28.05,3.88,4.68,64.14,0.02
berbera,20060329,10.44,45.01,7.0764,27.32,2.61,2.91,68.99,0.46
berbera,20060330,10.44,45.01,7.1299,26.54,2.39,2.45,75.86,0.0
berbera,20060331,10.44,45.01,7.0111,26.67,2.88,3.13,76.38,1.15
berbera,20060401,10.44,45.01,6.3362,27.32,3.86,4.22,76.09,1.46
berbera,20060402,10.44,45.01,6.1987,27.43,4.31,4.76,78.62,1.89
berbera,20060403,10.44,45.01,3.0394,26.38,5.27,5.99,81.89,5.41
berbera,20060404,10.44,45.01,6.5986,27.09,4.68,5.26,77.74,1.48
berbera,20060405,10.44,45.01,6.7946,27.4,4.57,5.18,74.71,1.7
berbera,20060406,10.44,45.01,6.8674,27.63,3.98,4.41,74.5,0.05
berbera,20060407,10.44,45.01,6.479,27.72,3.76,4.07,74.37,0.05
berbera,20060408,10.44,45.01,7.0159,27.57,3.22,3.43,74.14,0.04
berbera,20060409,10.44,45.01,6.8741,27.32,3.71,4.09,71.8,0.0
berbera,20060410,10.44,45.01,7.4009,27.26,4.2,4.76,64.17,0.0
berbera,20060411,10.44,45.01,7.6615,27.02,3.42,3.77,67.1,0.01
berbera,20060412,10.44,45.01,7.5094,27.62,3.51,3.98,64.68,0.0
berbera,20060413,10.44,45.01,7.6171,27.86,3.52,3.95,63.01,0.11
berbera,20060414,10.44,45.01,7.1328,28.22,3.64,4.15,56.09,0.36
berbera,20060415,10.44,45.01,7.308,28.36,3.49,3.98,56.72,0.0
berbera,20060416,10.44,45.01,7.4059,29.0,3.07,3.53,50.08,0.0
berbera,20060417,10.44,45.01,7.5547,29.71,3.76,4.43,53.45,0.0
berbera,20060418,10.44,45.01,7.3514,28.71,3.31,3.51,67.18,0.0
berbera,20060419,10.44,45.01,7.1292,28.55,3.65,3.89,71.35,0.03
berbera,20060420,10.44,45.01,6.6612,28.55,4.14,4.42,72.84,0.04
berbera,20060421,10.44,45.01,7.051,27.99,4.47,4.88,74.75,2.81
berbera,20060422,10.44,45.01,6.5966,28.13,4.51,4.86,75.47,1.51
berbera,20060423,10.44,45.01,6.2539,28.62,3.36,3.71,72.6,3.11
berbera,20060424,10.44,45.01,7.0282,29.42,3.04,3.46,70.16,1.78
berbera,20060425,10.44,45.01,6.553,29.76,2.85,3.13,69.02,1.5
berbera,20060426,10.44,45.01,6.8707,30.17,2.76,3.03,68.39,0.04
berbera,20060427,10.44,45.01,7.1714,30.27,2.77,3.13,66.77,0.01
berbera,20060428,10.44,45.01,6.9067,30.03,3.34,3.63,70.71,0.03
berbera,20060429,10.44,45.01,7.3097,30.11,3.21,3.67,66.43,0.03
berbera,20060430,10.44,45.01,7.2478,30.58,4.21,4.96,64.71,0.06
berbera,20060501,10.44,45.01,7.4102,30.79,3.95,4.61,62.67,0.03
berbera,20060502,10.44,45.01,7.2648,30.73,3.86,4.39,60.83,0.0
berbera,20060503,10.44,45.01,7.0207,30.38,3.38,3.61,64.93,0.0
berbera,20060504,10.44,45.01,7.1018,29.86,2.74,2.76,67.79,0.04
berbera,20060505,10.44,45.01,6.3679,29.97,3.47,3.78,68.93,0.12
berbera,20060506,10.44,45.01,7.0538,30.56,3.12,3.61,65.26,0.68
berbera,20060507,10.44,45.01,6.971,30.28,3.56,3.88,65.78,0.35
berbera,20060508,10.44,45.01,7.476,30.66,2.61,2.88,62.95,0.36
berbera,20060509,10.44,45.01,6.8438,31.67,3.06,3.71,59.21,0.09
berbera,20060510,10.44,45.01,7.206,31.2,3.82,4.56,59.91,0.04
berbera,20060511,10.44,45.01,7.2636,29.98,2.75,2.96,63.72,0.0
berbera,20060512,10.44,45.01,7.0519,29.78,2.79,3.02,66.81,0.0
berbera,20060513,10.44,45.01,7.0284,29.94,2.62,2.83,65.12,0.01
berbera,20060514,10.44,45.01,6.9266,30.54,3.0,3.42,60.15,0.0
berbera,20060515,10.44,45.01,7.1575,30.73,2.6,2.89,62.18,0.0
berbera,20060516,10.44,45.01,6.7934,31.21,2.8,3.14,63.03,0.03
berbera,20060517,10.44,45.01,6.9024,31.14,2.91,3.24,63.91,0.06
berbera,20060518,10.44,45.01,7.0363,30.64,2.33,2.56,61.9,0.08
berbera,20060519,10.44,45.01,6.8611,31.2,2.87,3.19,57.78,0.0
berbera,20060520,10.44,45.01,5.7924,31.67,3.12,3.67,55.42,0.03
berbera,20060521,10.44,45.01,6.7889,31.9,3.19,3.64,57.63,0.22
berbera,20060522,10.44,45.01,7.1602,32.26,3.76,4.36,57.38,0.24
berbera,20060523,10.44,45.01,7.1225,32.69,5.51,6.64,55.18,0.44
berbera,20060524,10.44,45.01,6.9252,32.8,5.88,7.22,52.01,0.06
berbera,20060525,10.44,45.01,7.0286,33.22,4.99,6.5,48.6,0.0
berbera,20060526,10.44,45.01,6.821,33.38,5.05,6.68,45.16,0.0
berbera,20060527,10.44,45.01,5.9923,33.66,4.22,5.53,40.64,0.0
berbera,20060528,10.44,45.01,6.486,32.71,4.88,6.12,48.11,0.0
berbera,20060529,10.44,45.01,6.667,33.36,5.32,6.68,49.3,0.03
berbera,20060530,10.44,45.01,6.9334,33.41,5.82,7.42,48.7,0.0
berbera,20060531,10.44,45.01,6.1745,33.7,7.09,9.12,47.63,0.0
berbera,20060601,10.44,45.01,6.6382,33.12,7.79,9.94,48.85,0.0
berbera,20060602,10.44,45.01,6.36,32.68,6.78,8.63,49.16,0.0
berbera,20060603,10.44,45.01,6.8611,32.79,6.84,8.79,47.34,0.0
berbera,20060604,10.44,45.01,6.9799,32.78,7.01,8.74,50.49,0.0
berbera,20060605,10.44,45.01,7.0267,32.59,6.74,8.18,53.29,0.0
berbera,20060606,10.44,45.01,7.05,32.95,7.43,9.16,49.91,0.0
berbera,20060607,10.44,45.01,6.9401,33.46,7.72,9.68,47.96,0.0
berbera,20060608,10.44,45.01,6.9629,33.62,6.62,8.45,49.9,0.0
berbera,20060609,10.44,45.01,6.5592,32.75,5.55,6.84,54.87,0.01
berbera,20060610,10.44,45.01,6.6504,32.44,5.35,6.43,56.08,0.04
berbera,20060611,10.44,45.01,6.9293,32.5,4.41,5.31,55.88,0.07
berbera,20060612,10.44,45.01,6.0821,32.58,3.42,4.02,57.61,0.1
berbera,20060613,10.44,45.01,6.1829,32.8,4.37,5.32,53.99,0.0
berbera,20060614,10.44,45.01,6.199,32.64,5.34,6.38,53.39,0.0
berbera,20060615,10.44,45.01,6.485,32.5,5.62,6.75,53.52,0.01
berbera,20060616,10.44,45.01,6.3127,32.56,6.39,7.99,51.46,0.0
berbera,20060617,10.44,45.01,6.4486,32.61,6.7,8.38,46.36,0.0
berbera,20060618,10.44,45.01,6.7474,32.61,5.97,7.54,47.55,0.0
berbera,20060619,10.44,45.01,6.799,33.09,6.01,7.76,48.42,0.0
berbera,20060620,10.44,45.01,6.5731,33.58,6.78,8.67,46.48,0.0
berbera,20060621,10.44,45.01,6.6742,33.32,7.26,9.15,48.08,0.0
berbera,20060622,10.44,45.01,6.5026,33.03,6.79,8.69,48.76,0.0
berbera,20060623,10.44,45.01,6.2921,33.03,7.44,9.67,45.45,0.0
berbera,20060624,10.44,45.01,6.3504,32.93,8.57,10.88,46.92,0.0
berbera,20060625,10.44,45.01,4.4148,32.69,6.76,8.65,49.64,0.01
berbera,20060626,10.44,45.01,5.3897,31.55,6.8,8.07,56.35,0.0
berbera,20060627,10.44,45.01,6.7402,32.99,8.81,10.88,47.6,0.0
berbera,20060628,10.44,45.01,6.653,33.2,9.93,12.28,42.66,0.0
berbera,20060629,10.44,45.01,6.4404,33.01,9.18,11.5,45.97,0.0
berbera,20060630,10.44,45.01,6.3775,32.93,8.6,10.83,45.2,0.0
berbera,20060701,10.44,45.01,6.4274,32.89,9.01,11.29,44.9,0.09
berbera,20060702,10.44,45.01,6.4298,32.84,8.4,10.47,45.97,0.0
berbera,20060703,10.44,45.01,6.2203,32.33,8.21,10.38,47.16,0.0
berbera,20060704,10.44,45.01,6.1894,32.75,7.67,9.97,47.67,0.11
berbera,20060705,10.44,45.01,6.3814,32.94,6.94,8.98,48.87,0.0
berbera,20060706,10.44,45.01,6.4759,33.63,9.02,11.17,43.83,0.16
berbera,20060707,10.44,45.01,6.5297,33.0,7.79,9.64,48.36,0.22
berbera,20060708,10.44,45.01,6.5986,32.65,7.75,9.54,50.7,0.89
berbera,20060709,10.44,45.01,5.203,32.35,7.12,8.87,52.46,0.67
berbera,20060710,10.44,45.01,6.2506,31.89,7.52,9.69,54.33,0.01
berbera,20060711,10.44,45.01,5.197,31.88,8.95,11.16,50.84,0.07
berbera,20060712,10.44,45.01,5.7511,32.17,9.33,11.69,47.52,0.05
berbera,20060713,10.44,45.01,6.6415,32.16,8.48,10.68,47.52,0.0
berbera,20060714,10.44,45.01,6.5578,32.2,7.39,9.43,47.99,0.01
berbera,20060715,10.44,45.01,6.9029,32.54,8.21,10.37,46.7,0.05
berbera,20060716,10.44,45.01,6.8813,32.7,7.16,9.16,46.72,0.01
berbera,20060717,10.44,45.01,6.977,32.83,6.62,8.61,47.29,0.17
berbera,20060718,10.44,45.01,6.8234,32.52,6.14,8.04,47.75,0.32
berbera,20060719,10.44,45.01,6.6828,32.78,6.83,8.95,48.07,0.1
berbera,20060720,10.44,45.01,5.5378,32.29,6.36,8.54,51.79,0.0
berbera,20060721,10.44,45.01,6.455,32.66,6.76,9.09,49.16,0.0
berbera,20060722,10.44,45.01,5.7218,32.99,6.85,9.23,47.42,0.0
berbera,20060723,10.44,45.01,6.3557,32.67,8.07,10.55,48.03,0.0
berbera,20060724,10.44,45.01,6.379,32.78,9.17,11.69,45.72,0.01
berbera,20060725,10.44,45.01,5.4518,32.3,7.45,10.01,50.17,0.08
berbera,20060726,10.44,45.01,6.0557,32.29,8.55,10.68,48.5,0.08
berbera,20060727,10.44,45.01,5.6153,31.51,9.19,11.24,48.96,0.01
berbera,20060728,10.44,45.01,5.5685,31.27,11.12,13.75,48.22,0.02
berbera,20060729,10.44,45.01,6.5532,30.47,8.54,10.92,52.35,0.01
berbera,20060730,10.44,45.01,6.7939,31.61,8.37,10.62,49.39,0.62
berbera,20060731,10.44,45.01,5.7725,30.86,9.28,11.85,53.15,1.73
berbera,20060801,10.44,45.01,5.201,31.14,8.79,10.86,52.86,0.16
berbera,20060802,10.44,45.01,6.5374,31.9,8.53,10.69,52.25,0.24
berbera,20060803,10.44,45.01,6.6406,32.31,6.41,8.34,48.78,0.02
berbera,20060804,10.44,45.01,6.1342,31.99,7.45,9.43,51.42,0.98
berbera,20060805,10.44,45.01,5.8176,31.61,9.25,11.52,52.62,0.64
berbera,20060806,10.44,45.01,6.0722,32.33,8.89,11.2,50.95,0.42
berbera,20060807,10.44,45.01,5.2214,31.48,12.59,15.5,53.2,0.69
berbera,20060808,10.44,45.01,4.2552,30.89,13.09,16.02,51.17,1.76
berbera,20060809,10.44,45.01,6.8753,30.14,8.45,10.28,53.83,0.09
berbera,20060810,10.44,45.01,7.0474,32.21,10.0,12.77,46.29,0.11
berbera,20060811,10.44,45.01,6.2242,31.32,8.63,10.99,52.51,0.31
berbera,20060812,10.44,45.01,6.5714,31.19,8.48,10.92,50.49,0.14
berbera,20060813,10.44,45.01,6.5642,31.23,7.83,10.01,50.51,0.09
berbera,20060814,10.44,45.01,6.4133,31.73,8.9,11.15,50.41,0.63
berbera,20060815,10.44,45.01,6.8165,31.83,8.51,10.67,48.46,0.02
berbera,20060816,10.44,45.01,6.6878,32.01,8.32,10.47,48.76,0.27
berbera,20060817,10.44,45.01,6.6281,31.99,7.83,9.96,52.44,0.42
berbera,20060818,10.44,45.01,6.751,31.73,7.07,9.06,53.99,0.48
berbera,20060819,10.44,45.01,6.8218,32.04,7.13,8.94,48.23,0.01
berbera,20060820,10.44,45.01,6.5431,32.33,7.51,9.35,47.66,0.03
berbera,20060821,10.44,45.01,6.7774,32.22,7.86,9.9,49.07,0.14
berbera,20060822,10.44,45.01,6.805,32.59,7.74,9.65,48.35,0.23
berbera,20060823,10.44,45.01,6.6226,32.62,8.14,10.26,49.33,0.51
berbera,20060824,10.44,45.01,6.8774,32.91,8.45,10.51,46.64,0.08
berbera,20060825,10.44,45.01,6.8902,32.42,6.64,8.43,52.05,0.16
berbera,20060826,10.44,45.01,6.7526,32.36,5.55,7.0,53.74,0.16
berbera,20060827,10.44,45.01,6.6204,32.69,4.86,6.34,52.65,0.18
berbera,20060828,10.44,45.01,6.8364,32.9,5.14,6.54,51.15,0.06
berbera,20060829,10.44,45.01,6.9048,33.24,7.6,9.5,49.46,2.11
berbera,20060830,10.44,45.01,7.0054,32.59,7.6,9.39,53.67,2.46
berbera,20060831,10.44,45.01,6.2426,31.12,6.04,7.3,57.24,2.99
berbera,20060901,10.44,45.01,5.9042,31.04,5.59,6.79,55.9,1.54
berbera,20060902,10.44,45.01,6.9893,32.06,7.97,9.95,52.8,0.75
berbera,20060903,10.44,45.01,6.6914,31.76,6.76,8.46,55.82,1.16
berbera,20060904,10.44,45.01,7.1405,31.37,5.89,7.29,57.72,0.56
berbera,20060905,10.44,45.01,6.631,31.61,6.64,8.36,54.68,0.58
berbera,20060906,10.44,45.01,5.8932,31.21,7.45,9.16,55.02,0.63
berbera,20060907,10.44,45.01,7.0476,31.27,6.05,7.59,51.62,0.14
berbera,20060908,10.44,45.01,6.9677,31.48,6.83,8.47,52.94,0.12
berbera,20060909,10.44,45.01,4.6337,31.29,6.72,8.31,51.87,0.14
berbera,20060910,10.44,45.01,7.123,31.5,6.07,7.38,51.14,0.0
berbera,20060911,10.44,45.01,6.7882,32.04,5.2,6.51,50.39,0.0
berbera,20060912,10.44,45.01,6.9936,32.27,5.28,6.63,51.67,0.31
berbera,20060913,10.44,45.01,6.7982,32.6,5.96,7.45,50.53,0.0
berbera,20060914,10.44,45.01,6.9674,32.75,6.12,7.67,50.37,0.0
berbera,20060915,10.44,45.01,6.7687,32.8,5.72,7.21,50.95,0.06
berbera,20060916,10.44,45.01,6.6442,32.87,4.97,6.24,51.37,0.0
berbera,20060917,10.44,45.01,6.8669,32.53,5.17,6.37,51.72,0.01
berbera,20060918,10.44,45.01,6.7865,32.56,4.67,6.05,50.37,0.01
berbera,20060919,10.44,45.01,6.4666,32.01,3.84,4.81,56.25,0.0
berbera,20060920,10.44,45.01,6.6146,32.15,3.24,4.06,52.8,0.0
berbera,20060921,10.44,45.01,6.4867,32.05,4.22,4.99,56.17,0.0
berbera,20060922,10.44,45.01,6.9326,32.43,4.61,5.49,54.58,0.0
berbera,20060923,10.44,45.01,6.7474,32.23,4.84,5.82,54.36,0.0
berbera,20060924,10.44,45.01,6.8071,31.95,3.87,4.52,54.2,0.0
berbera,20060925,10.44,45.01,6.4289,31.8,3.77,4.35,50.38,0.06
berbera,20060926,10.44,45.01,6.4015,31.82,3.93,4.49,55.78,0.06
berbera,20060927,10.44,45.01,6.7982,31.7,3.29,3.63,55.12,0.1
berbera,20060928,10.44,45.01,6.469,32.16,3.38,3.88,57.46,0.2
berbera,20060929,10.44,45.01,6.9235,31.94,3.02,3.35,57.68,0.05
berbera,20060930,10.44,45.01,6.1054,32.0,3.37,3.85,53.89,0.01
berbera,20061001,10.44,45.01,6.0948,31.47,3.54,3.91,59.93,0.13
berbera,20061002,10.44,45.01,6.6067,30.34,2.64,2.77,65.2,0.09
berbera,20061003,10.44,45.01,6.6288,30.38,2.71,2.92,63.57,0.0
berbera,20061004,10.44,45.01,6.9984,30.91,2.87,3.16,53.9,0.0
berbera,20061005,10.44,45.01,6.9113,31.06,3.13,3.51,53.75,0.0
berbera,20061006,10.44,45.01,6.8686,31.25,3.17,3.58,51.89,0.0
berbera,20061007,10.44,45.01,6.7594,31.6,3.09,3.49,52.57,0.0
berbera,20061008,10.44,45.01,6.5426,31.96,3.27,3.66,58.0,0.0
berbera,20061009,10.44,45.01,6.3998,31.75,3.04,3.42,59.24,0.02
berbera,20061010,10.44,45.01,6.7186,30.91,3.24,3.48,64.24,0.04
berbera,20061011,10.44,45.01,6.3034,30.21,4.0,4.25,67.26,0.23
berbera,20061012,10.44,45.01,6.108,29.99,4.54,4.86,68.28,0.44
berbera,20061013,10.44,45.01,6.1901,29.61,3.76,4.05,70.33,0.01
berbera,20061014,10.44,45.01,6.5458,29.6,3.64,3.85,68.03,0.0
berbera,20061015,10.44,45.01,5.5428,29.67,4.32,4.65,68.44,0.02
berbera,20061016,10.44,45.01,5.5697,29.22,5.08,5.43,70.62,0.01
berbera,20061017,10.44,45.01,5.8898,28.84,5.58,6.1,71.41,0.01
berbera,20061018,10.44,45.01,5.8258,28.6,5.51,6.08,72.09,0.62
berbera,20061019,10.44,45.01,6.1267,28.41,4.72,5.2,73.18,0.69
berbera,20061020,10.44,45.01,5.904,28.05,4.46,4.92,70.81,0.93
berbera,20061021,10.44,45.01,6.2964,28.04,4.55,4.95,73.25,0.68
berbera,20061022,10.44,45.01,6.2772,28.08,3.82,4.17,68.26,0.64
berbera,20061023,10.44,45.01,6.5357,28.06,3.42,3.79,65.09,0.07
berbera,20061024,10.44,45.01,5.3273,27.69,5.39,5.98,76.24,5.73
berbera,20061025,10.44,45.01,5.2834,27.63,5.17,5.8,79.55,9.33
berbera,20061026,10.44,45.01,4.9637,28.16,4.63,5.22,73.13,8.0
berbera,20061027,10.44,45.01,4.5763,27.43,5.4,5.98,80.61,9.76
berbera,20061028,10.44,45.01,5.238,27.4,4.73,5.21,79.05,1.31
berbera,20061029,10.44,45.01,5.8454,27.01,4.85,5.33,75.24,0.2
berbera,20061030,10.44,45.01,6.0276,27.19,5.46,6.08,73.01,0.83
berbera,20061031,10.44,45.01,5.8162,27.25,5.03,5.65,72.76,0.11
berbera,20061101,10.44,45.01,6.21,26.95,4.11,4.65,74.76,0.08
berbera,20061102,10.44,45.01,6.4846,26.55,3.12,3.47,69.89,0.0
berbera,20061103,10.44,45.01,6.5813,26.01,3.27,3.68,68.86,0.0
berbera,20061104,10.44,45.01,6.3526,25.75,3.31,3.67,72.17,0.0
berbera,20061105,10.44,45.01,5.6842,26.55,3.82,4.32,73.51,0.09
berbera,20061106,10.44,45.01,5.6069,26.98,4.41,4.97,75.23,0.11
berbera,20061107,10.44,45.01,4.8269,27.1,5.31,5.99,78.84,0.09
berbera,20061108,10.44,45.01,5.868,27.17,3.6,4.04,68.17,0.01
berbera,20061109,10.44,45.01,6.2647,26.82,4.17,4.77,68.34,0.0
berbera,20061110,10.44,45.01,5.8375,26.11,3.9,4.42,73.36,0.01
berbera,20061111,10.44,45.01,5.7401,26.38,4.33,5.01,70.58,0.02
berbera,20061112,10.44,45.01,5.221,26.44,4.5,5.07,76.68,0.04
berbera,20061113,10.44,45.01,4.6231,26.94,4.64,5.2,76.5,0.06
berbera,20061114,10.44,45.01,5.8198,26.42,4.6,5.24,73.77,0.01
berbera,20061115,10.44,45.01,6.1769,25.87,3.35,3.77,72.4,0.0
berbera,20061116,10.44,45.01,6.0842,25.84,2.96,3.23,71.58,0.0
berbera,20061117,10.44,45.01,6.12,25.99,3.43,3.77,76.47,0.0
berbera,20061118,10.44,45.01,6.1354,25.92,3.8,4.3,71.51,0.0
berbera,20061119,10.44,45.01,6.1901,25.45,3.42,3.81,69.54,0.0
berbera,20061120,10.44,45.01,6.0559,25.59,2.78,2.99,72.81,0.0
berbera,20061121,10.44,45.01,5.7962,26.43,3.08,3.45,74.7,0.0
berbera,20061122,10.44,45.01,5.933,26.41,4.89,5.63,74.5,0.06
berbera,20061123,10.44,45.01,6.0787,26.14,4.33,4.98,73.09,0.03
berbera,20061124,10.44,45.01,5.5999,25.67,3.53,4.02,72.3,0.0
berbera,20061125,10.44,45.01,5.6078,25.33,3.49,3.94,73.88,0.0
berbera,20061126,10.44,45.01,5.8687,25.4,3.54,3.97,72.12,0.01
berbera,20061127,10.44,45.01,6.1296,25.28,3.21,3.6,70.73,0.0
berbera,20061128,10.44,45.01,5.4679,25.51,3.74,4.21,77.03,0.16
berbera,20061129,10.44,45.01,4.2828,25.96,3.82,4.44,74.96,1.68
berbera,20061130,10.44,45.01,4.6027,26.03,5.58,6.46,84.14,3.58
berbera,20061201,10.44,45.01,4.9812,26.71,4.49,5.15,80.69,3.98
berbera,20061202,10.44,45.01,5.2831,26.65,3.22,3.61,84.24,4.54
berbera,20061203,10.44,45.01,5.2142,26.65,2.52,2.77,81.65,2.11
berbera,20061204,10.44,45.01,4.2358,26.49,4.61,5.22,83.89,5.72
berbera,20061205,10.44,45.01,1.9829,27.35,6.02,7.0,77.78,4.31
berbera,20061206,10.44,45.01,4.242,26.66,5.15,5.93,79.21,4.12
berbera,20061207,10.44,45.01,4.9661,26.48,5.06,5.71,78.66,0.0
berbera,20061208,10.44,45.01,5.4204,25.61,4.53,5.15,76.05,0.0
berbera,20061209,10.44,45.01,5.2277,25.36,4.05,4.63,74.11,0.0
berbera,20061210,10.44,45.01,5.2308,25.67,4.63,5.29,76.84,0.0
berbera,20061211,10.44,45.01,5.741,25.92,4.5,5.2,73.99,0.0
berbera,20061212,10.44,45.01,5.7511,25.77,4.25,4.93,71.82,0.0
berbera,20061213,10.44,45.01,5.5284,25.74,4.91,5.77,72.42,0.0
berbera,20061214,10.44,45.01,4.5514,25.59,5.21,6.02,74.2,0.0
berbera,20061215,10.44,45.01,5.531,25.54,4.68,5.44,72.51,0.0
berbera,20061216,10.44,45.01,5.203,25.48,5.13,5.84,74.69,0.0
berbera,20061217,10.44,45.01,4.7969,25.4,4.06,4.64,76.21,0.11
berbera,20061218,10.44,45.01,4.9937,25.26,4.12,4.73,78.48,0.38
berbera,20061219,10.44,45.01,5.0791,25.23,4.92,5.76,76.16,0.11
berbera,20061220,10.44,45.01,5.3112,25.19,5.59,6.67,71.66,0.04
berbera,20061221,10.44,45.01,5.5637,24.59,4.33,4.99,71.16,0.05
berbera,20061222,10.44,45.01,5.4166,24.4,4.15,4.73,72.48,0.0
berbera,20061223,10.44,45.01,5.8154,24.73,3.94,4.49,73.23,0.0
berbera,20061224,10.44,45.01,5.7137,24.68,2.75,2.97,71.91,0.0
berbera,20061225,10.44,45.01,5.3858,25.02,3.3,3.69,74.49,0.0
berbera,20061226,10.44,45.01,5.6585,25.26,4.78,5.53,72.77,0.0
berbera,20061227,10.44,45.01,4.7966,24.98,4.05,4.63,74.06,0.19
berbera,20061228,10.44,45.01,5.088,24.64,2.98,3.32,75.5,0.32
berbera,20061229,10.44,45.01,5.4535,24.49,3.1,3.45,74.81,0.39
berbera,20061230,10.44,45.01,5.6321,24.2,4.12,4.79,75.35,1.51
berbera,20061231,10.44,45.01,5.0503,24.66,4.94,5.86,74.6,6.28
berbera,20070101,10.44,45.01,5.473,24.86,4.37,5.08,75.91,1.61
berbera,20070102,10.44,45.01,4.7686,24.63,5.05,5.88,79.43,4.59
berbera,20070103,10.44,45.01,5.3923,24.76,7.72,9.09,74.71,0.25
berbera,20070104,10.44,45.01,5.2231,23.98,6.9,8.18,70.18,0.02
berbera,20070105,10.44,45.01,5.5246,23.32,5.53,6.43,68.53,0.02
berbera,20070106,10.44,45.01,5.0813,23.14,4.39,5.06,68.45,0.0
berbera,20070107,10.44,45.01,6.151,22.76,3.26,3.7,67.34,0.0
berbera,20070108,10.44,45.01,5.4139,22.47,3.26,3.75,71.72,0.0
berbera,20070109,10.44,45.01,4.7458,23.13,4.44,5.22,73.03,0.0
berbera,20070110,10.44,45.01,4.993,23.63,5.85,6.92,70.93,0.0
berbera,20070111,10.44,45.01,4.3954,23.82,6.2,7.3,73.7,0.08
berbera,20070112,10.44,45.01,5.2505,24.24,5.59,6.53,75.97,0.49
berbera,20070113,10.44,45.01,4.601,24.79,4.96,5.71,77.05,0.37
berbera,20070114,10.44,45.01,5.227,24.84,4.66,5.41,78.97,0.22
berbera,20070115,10.44,45.01,4.361,24.67,4.54,5.25,79.46,0.15
berbera,20070116,10.44,45.01,5.5236,24.17,3.97,4.45,77.14,0.0
berbera,20070117,10.44,45.01,6.1997,23.62,2.6,2.82,72.46,0.0
berbera,20070118,10.44,45.01,5.9494,24.02,4.63,5.35,74.45,0.0
berbera,20070119,10.44,45.01,5.5675,24.48,6.31,7.28,74.17,0.0
berbera,20070120,10.44,45.01,5.1722,24.46,6.18,7.15,74.96,0.0
berbera,20070121,10.44,45.01,5.5133,24.3,4.84,5.62,77.69,0.0
berbera,20070122,10.44,45.01,5.5034,24.56,3.86,4.29,77.49,0.0
berbera,20070123,10.44,45.01,4.7719,24.64,3.99,4.52,78.27,0.0
berbera,20070124,10.44,45.01,4.8264,24.69,5.92,6.87,77.52,0.0
berbera,20070125,10.44,45.01,5.6354,24.67,6.01,6.92,75.6,0.0
berbera,20070126,10.44,45.01,4.5547,24.85,6.41,7.26,76.57,0.04
berbera,20070127,10.44,45.01,5.0695,25.04,6.21,6.99,77.97,0.04
berbera,20070128,10.44,45.01,5.4874,25.13,5.56,6.32,75.77,0.01
berbera,20070129,10.44,45.01,5.5459,25.13,5.26,5.87,73.17,0.0
berbera,20070130,10.44,45.01,5.6774,25.12,5.1,5.69,76.77,0.0
berbera,20070131,10.44,45.01,5.6599,25.26,5.43,6.07,76.33,0.12
berbera,20070201,10.44,45.01,5.9573,25.55,4.93,5.45,76.12,0.13
berbera,20070202,10.44,45.01,5.5375,25.77,4.57,5.02,77.81,0.37
berbera,20070203,10.44,45.01,5.861,25.92,4.56,5.09,78.04,0.1
berbera,20070204,10.44,45.01,6.0002,26.08,5.01,5.61,76.77,0.03
berbera,20070205,10.44,45.01,6.265,26.13,4.55,5.03,76.27,0.06
berbera,20070206,10.44,45.01,6.2609,26.09,4.64,5.2,77.49,0.49
berbera,20070207,10.44,45.01,6.2246,25.22,4.01,4.48,77.4,0.03
berbera,20070208,10.44,45.01,6.6526,24.21,2.9,3.14,71.64,0.01
berbera,20070209,10.44,45.01,6.7546,24.11,2.82,3.1,71.55,0.0
berbera,20070210,10.44,45.01,6.7049,24.65,3.96,4.36,74.81,0.0
berbera,20070211,10.44,45.01,6.367,25.15,3.96,4.32,74.73,0.0
berbera,20070212,10.44,45.01,6.4116,25.35,3.75,4.09,75.05,0.0
berbera,20070213,10.44,45.01,6.6341,25.78,3.82,4.21,73.39,0.0
berbera,20070214,10.44,45.01,6.2059,25.59,2.67,2.72,75.07,0.0
berbera,20070215,10.44,45.01,6.2789,25.54,2.81,2.96,74.89,0.02
berbera,20070216,10.44,45.01,5.8704,25.61,3.69,3.95,76.9,0.26
berbera,20070217,10.44,45.01,6.0802,26.13,4.1,4.49,77.1,0.27
berbera,20070218,10.44,45.01,6.3005,26.54,4.4,4.97,76.93,0.23
berbera,20070219,10.44,45.01,6.3487,26.41,3.93,4.36,74.82,0.34
berbera,20070220,10.44,45.01,6.3902,26.2,4.3,4.73,77.27,0.0
berbera,20070221,10.44,45.01,6.534,26.07,5.07,5.73,76.14,0.0
berbera,20070222,10.44,45.01,6.0636,25.61,4.35,4.88,75.31,0.0
berbera,20070223,10.44,45.01,6.5494,25.37,3.82,4.29,76.63,0.0
berbera,20070224,10.44,45.01,6.924,25.5,3.19,3.6,74.49,0.0
berbera,20070225,10.44,45.01,6.8894,25.32,2.83,3.2,75.15,0.0
berbera,20070226,10.44,45.01,7.0493,25.41,3.15,3.6,70.54,0.0
berbera,20070227,10.44,45.01,7.2072,25.05,2.83,3.1,69.24,0.0
berbera,20070228,10.44,45.01,7.1225,24.97,3.38,3.77,65.69,0.0
berbera,20070301,10.44,45.01,6.8741,25.54,4.6,5.15,72.43,0.0
berbera,20070302,10.44,45.01,6.4913,25.53,2.84,2.97,72.9,0.03
berbera,20070303,10.44,45.01,7.1105,25.4,3.13,3.36,73.83,0.09
berbera,20070304,10.44,45.01,6.9521,25.7,4.74,5.36,67.88,0.0
berbera,20070305,10.44,45.01,6.9317,25.84,5.06,5.7,70.79,0.1
berbera,20070306,10.44,45.01,6.8806,25.87,4.52,5.16,75.25,0.1
berbera,20070307,10.44,45.01,7.1126,26.02,4.43,4.98,72.31,0.0
berbera,20070308,10.44,45.01,7.283,26.29,4.13,4.67,72.24,0.0
berbera,20070309,10.44,45.01,7.2223,26.62,3.74,4.23,68.94,0.0
berbera,20070310,10.44,45.01,7.375,26.42,3.27,3.58,68.91,0.0
berbera,20070311,10.44,45.01,7.3157,26.47,2.83,3.14,61.85,0.0
berbera,20070312,10.44,45.01,7.3378,26.41,3.0,3.26,63.17,0.0
berbera,20070313,10.44,45.01,7.2526,26.72,3.73,4.12,69.57,0.0
berbera,20070314,10.44,45.01,7.3226,27.13,4.44,4.98,68.89,0.0
berbera,20070315,10.44,45.01,7.2139,27.36,4.82,5.47,65.75,0.0
berbera,20070316,10.44,45.01,7.0382,27.07,3.66,4.04,67.56,0.0
berbera,20070317,10.44,45.01,6.9713,27.08,3.18,3.38,72.74,0.04
berbera,20070318,10.44,45.01,6.2131,26.62,4.03,4.35,78.96,0.33
berbera,20070319,10.44,45.01,4.9279,26.6,5.55,6.25,67.75,0.08
berbera,20070320,10.44,45.01,5.9837,26.5,3.22,3.4,75.94,0.44
berbera,20070321,10.44,45.01,5.6203,27.66,3.63,4.22,77.26,0.77
berbera,20070322,10.44,45.01,7.193,28.47,4.12,4.93,70.45,0.0
berbera,20070323,10.44,45.01,7.085,29.24,4.88,5.85,65.48,0.0
berbera,20070324,10.44,45.01,6.8772,28.65,5.48,6.36,69.57,0.0
berbera,20070325,10.44,45.01,6.7555,28.2,5.28,6.1,70.82,0.0
berbera,20070326,10.44,45.01,7.1659,28.63,5.0,5.85,66.74,0.0
berbera,20070327,10.44,45.01,7.2595,29.29,4.15,4.86,60.89,0.0
berbera,20070328,10.44,45.01,7.241,29.12,3.23,3.59,65.9,0.0
berbera,20070329,10.44,45.01,7.1009,28.06,2.8,2.93,73.51,0.0
berbera,20070330,10.44,45.01,7.0841,28.13,3.4,3.64,72.25,0.0
berbera,20070331,10.44,45.01,7.2989,28.17,4.01,4.39,71.21,0.0
berbera,20070401,10.44,45.01,7.2029,28.23,4.48,5.0,70.31,0.0
berbera,20070402,10.44,45.01,7.3056,28.63,4.68,5.38,64.76,0.0
berbera,20070403,10.44,45.01,7.0181,29.24,4.83,5.72,60.61,0.0
berbera,20070404,10.44,45.01,7.2658,29.14,3.99,4.54,61.8,0.01
berbera,20070405,10.44,45.01,6.769,28.7,3.67,3.96,69.98,0.87
berbera,20070406,10.44,45.01,6.6816,28.35,3.3,3.58,75.59,0.8
berbera,20070407,10.44,45.01,6.8592,28.61,2.89,3.19,72.41,0.32
berbera,20070408,10.44,45.01,7.1592,29.28,3.12,3.59,62.86,0.0
berbera,20070409,10.44,45.01,7.2703,29.81,3.84,4.48,58.74,0.0
berbera,20070410,10.44,45.01,6.7363,30.16,4.21,4.93,60.79,0.03
berbera,20070411,10.44,45.01,6.8808,29.96,4.02,4.72,64.61,0.64
berbera,20070412,10.44,45.01,4.5432,29.21,3.21,3.36,72.45,5.06
berbera,20070413,10.44,45.01,6.3751,29.28,3.37,3.61,74.68,5.44
berbera,20070414,10.44,45.01,2.0294,28.76,3.04,3.31,76.24,7.19
berbera,20070415,10.44,45.01,6.8088,27.59,2.63,2.9,80.75,8.14
berbera,20070416,10.44,45.01,6.6528,28.33,2.7,2.95,72.89,0.72
berbera,20070417,10.44,45.01,6.7649,28.18,3.91,4.34,77.36,0.34
berbera,20070418,10.44,45.01,7.3582,28.26,3.73,4.04,74.44,0.1
berbera,20070419,10.44,45.01,7.3632,28.52,3.27,3.56,71.22,0.02
berbera,20070420,10.44,45.01,7.543,28.8,2.94,3.25,66.7,0.0
berbera,20070421,10.44,45.01,7.5288,28.79,3.05,3.43,63.17,0.01
berbera,20070422,10.44,45.01,7.1585,28.75,3.5,3.94,65.33,0.13
berbera,20070423,10.44,45.01,7.1676,28.63,4.01,4.46,67.35,0.4
berbera,20070424,10.44,45.01,7.2842,29.54,4.37,5.01,64.23,0.41
berbera,20070425,10.44,45.01,7.3234,30.09,4.45,5.21,65.06,1.02
berbera,20070426,10.44,45.01,6.8983,30.03,4.37,5.13,69.29,0.65
berbera,20070427,10.44,45.01,7.1323,28.84,3.26,3.66,76.86,0.86
berbera,20070428,10.44,45.01,7.1071,28.3,2.6,2.67,74.34,0.82
berbera,20070429,10.44,45.01,7.3102,29.01,2.74,2.96,66.52,0.48
berbera,20070430,10.44,45.01,6.9643,29.11,3.31,3.65,67.1,0.69
berbera,20070501,10.44,45.01,7.3502,28.84,3.82,4.17,70.17,0.0
berbera,20070502,10.44,45.01,6.809,28.68,3.15,3.36,74.46,0.01
berbera,20070503,10.44,45.01,7.1772,29.74,2.89,3.13,66.53,0.0
berbera,20070504,10.44,45.01,7.1174,30.6,2.62,3.03,60.45,0.0
berbera,20070505,10.44,45.01,7.1054,31.25,3.27,3.82,61.56,0.01
berbera,20070506,10.44,45.01,5.4084,30.67,2.74,2.98,69.08,0.04
berbera,20070507,10.44,45.01,6.9314,31.3,2.81,3.08,63.11,0.32
berbera,20070508,10.44,45.01,7.0015,31.57,3.2,3.67,62.62,0.39
berbera,20070509,10.44,45.01,7.1498,31.22,2.46,2.7,64.18,0.14
berbera,20070510,10.44,45.01,6.319,31.08,2.68,3.19,65.2,0.55
berbera,20070511,10.44,45.01,7.057,31.22,3.15,3.63,65.57,0.14
berbera,20070512,10.44,45.01,7.2041,31.87,3.22,3.8,60.14,0.04
berbera,20070513,10.44,45.01,7.2374,31.82,2.72,3.2,59.6,0.22
berbera,20070514,10.44,45.01,7.0116,32.38,4.07,4.92,58.66,0.03
berbera,20070515,10.44,45.01,6.5988,32.48,5.01,6.09,57.79,0.48
berbera,20070516,10.44,45.01,7.0666,32.28,4.49,5.18,55.72,0.1
berbera,20070517,10.44,45.01,6.7051,32.25,3.02,3.48,52.99,0.0
berbera,20070518,10.44,45.01,6.9329,32.59,3.12,3.6,57.7,0.02
berbera,20070519,10.44,45.01,6.6034,32.05,2.37,2.57,59.18,0.38
berbera,20070520,10.44,45.01,6.5122,32.03,2.72,2.98,56.15,0.01
berbera,20070521,10.44,45.01,6.8309,32.56,3.09,3.58,53.76,0.0
berbera,20070522,10.44,45.01,6.8537,33.05,3.31,3.88,53.94,0.0
berbera,20070523,10.44,45.01,6.6737,33.27,3.12,3.81,55.09,0.01
berbera,20070524,10.44,45.01,6.463,32.52,3.76,4.46,57.51,0.0
berbera,20070525,10.44,45.01,6.6629,32.45,3.9,4.59,56.06,0.01
berbera,20070526,10.44,45.01,6.8767,32.51,4.0,4.69,58.24,2.77
berbera,20070527,10.44,45.01,6.9514,32.1,4.48,5.42,62.13,6.2
berbera,20070528,10.44,45.01,6.7908,31.25,5.11,5.96,64.75,4.48
berbera,20070529,10.44,45.01,6.7699,31.56,4.4,5.16,63.47,3.57
berbera,20070530,10.44,45.01,6.6595,30.94,2.48,2.91,68.42,6.88
berbera,20070531,10.44,45.01,5.7766,30.03,2.06,2.31,73.83,0.25
berbera,20070601,10.44,45.01,6.4896,30.1,2.14,2.48,65.58,0.17
berbera,20070602,10.44,45.01,6.8719,31.37,4.68,5.41,57.19,0.01
berbera,20070603,10.44,45.01,6.9341,32.11,4.35,5.14,52.98,0.0
berbera,20070604,10.44,45.01,7.0574,32.5,4.17,5.04,50.29,0.0
berbera,20070605,10.44,45.01,6.8662,32.75,4.55,5.46,50.94,0.01
berbera,20070606,10.44,45.01,6.4992,32.79,5.43,6.46,55.91,0.01
berbera,20070607,10.44,45.01,6.5318,32.85,5.92,7.11,54.18,0.0
berbera,20070608,10.44,45.01,6.8501,32.84,5.6,6.67,52.45,0.0
berbera,20070609,10.44,45.01,6.5789,32.53,5.15,5.98,54.96,0.03
berbera,20070610,10.44,45.01,6.2683,32.55,4.74,5.54,55.79,0.0
berbera,20070611,10.44,45.01,6.6914,33.14,5.78,6.85,52.81,0.0
berbera,20070612,10.44,45.01,6.1548,32.99,6.56,7.69,51.94,0.02
berbera,20070613,10.44,45.01,6.2477,33.26,6.65,8.01,48.64,0.0
berbera,20070614,10.44,45.01,6.3766,33.31,8.35,10.12,46.65,0.0
berbera,20070615,10.44,45.01,6.0737,32.79,8.47,10.37,51.06,0.01
berbera,20070616,10.44,45.01,6.2446,32.85,8.43,10.27,52.05,0.12
berbera,20070617,10.44,45.01,5.857,32.62,7.95,9.75,51.98,0.01
berbera,20070618,10.44,45.01,6.1661,32.79,8.67,10.81,50.16,0.0
berbera,20070619,10.44,45.01,6.3264,32.61,9.41,11.63,47.38,0.0
berbera,20070620,10.44,45.01,6.618,32.46,9.43,11.89,48.15,0.0
berbera,20070621,10.44,45.01,5.2414,32.66,8.72,11.09,47.88,0.0
berbera,20070622,10.44,45.01,4.8062,32.65,10.2,12.53,47.11,0.01
berbera,20070623,10.44,45.01,6.4918,32.71,10.23,12.64,46.52,0.01
berbera,20070624,10.44,45.01,3.8066,31.66,8.29,10.04,52.44,0.69
berbera,20070625,10.44,45.01,3.5138,30.85,10.78,13.18,53.16,0.55
berbera,20070626,10.44,45.01,5.3102,31.85,12.27,15.21,49.31,0.27
berbera,20070627,10.44,45.01,4.9217,32.41,10.37,12.99,47.84,0.15
berbera,20070628,10.44,45.01,5.9458,32.72,7.31,9.4,50.46,0.03
berbera,20070629,10.44,45.01,6.0893,32.8,6.83,9.03,48.98,0.08
berbera,20070630,10.44,45.01,5.9683,33.13,7.71,10.0,45.79,0.0
berbera,20070701,10.44,45.01,6.2131,33.13,6.72,8.9,46.85,0.0
berbera,20070702,10.44,45.01,4.9978,32.16,10.49,13.28,51.63,0.01
berbera,20070703,10.44,45.01,6.1114,32.44,9.03,11.47,51.62,0.0
berbera,20070704,10.44,45.01,6.2436,32.33,7.69,9.7,49.45,0.01
berbera,20070705,10.44,45.01,6.325,32.1,8.46,10.72,49.47,0.01
berbera,20070706,10.44,45.01,6.4973,31.93,6.35,8.29,51.16,0.01
berbera,20070707,10.44,45.01,5.3779,31.73,6.09,8.1,52.41,0.05
berbera,20070708,10.44,45.01,5.9647,31.68,7.02,9.28,51.73,0.03
berbera,20070709,10.44,45.01,6.0571,31.59,6.78,8.89,52.81,0.04
berbera,20070710,10.44,45.01,6.6797,31.58,6.44,8.36,51.29,0.61
berbera,20070711,10.44,45.01,6.7577,31.84,6.8,8.81,51.8,0.16
berbera,20070712,10.44,45.01,6.7207,32.16,7.93,9.96,49.15,0.27
berbera,20070713,10.44,45.01,6.4615,32.09,6.93,8.81,48.12,0.33
berbera,20070714,10.44,45.01,6.0082,31.69,7.27,9.31,52.63,0.89
berbera,20070715,10.44,45.01,5.7108,31.3,6.68,8.59,54.24,0.03
berbera,20070716,10.44,45.01,6.7234,31.57,8.63,10.88,50.13,0.07
berbera,20070717,10.44,45.01,6.7735,32.23,7.89,9.94,45.9,0.02
berbera,20070718,10.44,45.01,7.1278,31.7,6.12,7.92,52.23,0.03
berbera,20070719,10.44,45.01,6.9163,31.68,5.45,7.25,54.34,0.02
berbera,20070720,10.44,45.01,4.9807,31.86,5.95,7.91,53.1,0.33
berbera,20070721,10.44,45.01,4.985,31.98,5.69,7.3,52.29,0.13
berbera,20070722,10.44,45.01,6.9338,32.62,7.31,9.43,47.81,0.01
berbera,20070723,10.44,45.01,6.7975,32.73,8.38,10.68,47.95,0.0
berbera,20070724,10.44,45.01,6.8074,32.68,8.07,10.26,46.1,0.01
berbera,20070725,10.44,45.01,5.9765,32.39,7.5,9.53,47.93,0.06
berbera,20070726,10.44,45.01,6.355,32.64,7.32,9.64,49.33,0.08
berbera,20070727,10.44,45.01,6.0084,32.58,6.92,9.22,50.58,0.07
berbera,20070728,10.44,45.01,6.0799,32.85,7.15,9.12,50.96,0.27
berbera,20070729,10.44,45.01,6.1378,32.27,6.05,7.72,55.46,0.2
berbera,20070730,10.44,45.01,6.1502,32.88,6.81,8.9,51.48,0.0
berbera,20070731,10.44,45.01,6.4219,32.83,5.34,6.97,51.77,0.0
berbera,20070801,10.44,45.01,6.9907,32.78,7.56,9.45,50.2,0.0
berbera,20070802,10.44,45.01,5.4778,32.32,7.71,9.66,52.49,0.0
berbera,20070803,10.44,45.01,6.8222,32.79,7.46,9.53,51.79,0.0
berbera,20070804,10.44,45.01,6.5784,32.99,7.1,9.16,50.6,0.0
berbera,20070805,10.44,45.01,6.8762,32.97,6.79,8.75,49.18,0.0
berbera,20070806,10.44,45.01,5.3693,32.2,6.84,8.74,54.41,0.0
berbera,20070807,10.44,45.01,6.3494,32.63,7.46,9.67,47.54,0.0
berbera,20070808,10.44,45.01,6.858,32.2,7.42,9.53,49.86,0.0
berbera,20070809,10.44,45.01,5.3395,32.25,8.36,10.42,51.49,0.06
berbera,20070810,10.44,45.01,6.0751,32.29,7.48,9.53,52.24,0.11
berbera,20070811,10.44,45.01,6.672,32.5,7.04,8.97,49.63,0.11
berbera,20070812,10.44,45.01,6.8381,32.3,6.99,8.91,48.66,0.02
berbera,20070813,10.44,45.01,6.8405,32.78,7.26,9.36,47.52,0.05
berbera,20070814,10.44,45.01,6.6634,33.01,7.96,10.0,47.28,0.13
berbera,20070815,10.44,45.01,6.6833,32.93,7.46,9.36,47.62,0.12
berbera,20070816,10.44,45.01,6.9487,32.88,5.03,6.61,47.27,0.21
berbera,20070817,10.44,45.01,5.5471,33.24,6.07,7.99,48.92,0.2
berbera,20070818,10.44,45.01,6.8335,33.86,8.31,10.41,47.22,0.14
berbera,20070819,10.44,45.01,6.9967,33.1,7.63,9.69,49.03,0.12
berbera,20070820,10.44,45.01,5.9426,32.93,7.41,9.49,49.24,0.3
berbera,20070821,10.44,45.01,5.4823,32.06,6.35,8.17,53.81,0.52
berbera,20070822,10.44,45.01,6.8407,31.87,6.38,8.2,54.69,0.09
berbera,20070823,10.44,45.01,6.6847,32.08,6.97,8.8,54.8,0.58
berbera,20070824,10.44,45.01,5.4974,32.22,5.84,7.53,54.63,0.01
berbera,20070825,10.44,45.01,6.8899,32.83,5.6,7.22,50.33,0.0
berbera,20070826,10.44,45.01,6.2441,32.87,5.73,7.23,48.74,0.02
berbera,20070827,10.44,45.01,6.7392,32.62,7.21,8.89,49.82,0.02
berbera,20070828,10.44,45.01,6.1421,32.74,7.99,9.89,46.49,0.01
berbera,20070829,10.44,45.01,6.7447,32.88,6.19,7.87,48.81,0.2
berbera,20070830,10.44,45.01,6.5863,32.69,6.34,8.22,51.4,0.2
berbera,20070831,10.44,45.01,6.5842,33.4,6.55,8.63,47.68,0.16
berbera,20070901,10.44,45.01,6.791,33.5,7.44,9.54,49.44,0.39
berbera,20070902,10.44,45.01,6.3701,32.65,7.44,9.29,54.08,0.28
berbera,20070903,10.44,45.01,6.7046,32.21,6.74,8.41,52.49,0.12
berbera,20070904,10.44,45.01,6.8882,32.87,7.53,9.35,45.56,0.01
berbera,20070905,10.44,45.01,6.5695,33.1,6.2,7.93,47.02,0.01
berbera,20070906,10.44,45.01,6.7663,33.31,5.99,7.91,49.5,0.14
berbera,20070907,10.44,45.01,6.6653,33.14,6.44,8.59,52.62,0.08
berbera,20070908,10.44,45.01,6.7565,32.87,6.15,8.3,50.58,0.06
berbera,20070909,10.44,45.01,6.8338,32.74,6.1,7.95,50.28,0.07
berbera,20070910,10.44,45.01,6.8345,32.19,4.46,5.87,52.18,0.35
berbera,20070911,10.44,45.01,6.7903,32.21,4.38,5.73,52.49,0.35
berbera,20070912,10.44,45.01,6.4255,32.24,4.48,5.98,52.24,0.55
berbera,20070913,10.44,45.01,5.448,31.48,3.93,5.16,56.83,0.04
berbera,20070914,10.44,45.01,6.5986,31.76,5.67,7.06,54.6,0.01
berbera,20070915,10.44,45.01,6.6372,31.26,4.98,6.05,56.02,0.0
berbera,20070916,10.44,45.01,6.8208,31.75,3.67,4.61,54.53,0.0
berbera,20070917,10.44,45.01,6.6528,32.49,3.55,4.81,50.93,0.02
berbera,20070918,10.44,45.01,6.7961,32.83,4.44,5.99,47.79,0.01
berbera,20070919,10.44,45.01,6.4277,31.56,4.05,5.03,57.58,0.85
berbera,20070920,10.44,45.01,6.6175,31.67,4.46,5.41,58.23,0.09
berbera,20070921,10.44,45.01,6.9043,32.11,4.13,4.98,51.43,0.0
berbera,20070922,10.44,45.01,6.9336,32.38,3.94,5.14,50.25,0.1
berbera,20070923,10.44,45.01,6.6955,32.27,4.14,5.56,53.93,0.0
berbera,20070924,10.44,45.01,6.4219,32.07,4.16,5.39,54.27,0.02
berbera,20070925,10.44,45.01,6.6317,31.75,3.82,4.72,54.27,0.02
berbera,20070926,10.44,45.01,6.5155,31.37,3.2,3.63,57.86,0.03
berbera,20070927,10.44,45.01,6.5923,31.61,3.85,4.5,59.4,0.12
berbera,20070928,10.44,45.01,6.4027,31.19,3.59,4.05,61.85,0.02
berbera,20070929,10.44,45.01,6.4248,31.42,2.68,3.09,60.42,0.0
berbera,20070930,10.44,45.01,6.3938,31.79,4.0,4.66,56.9,0.0
berbera,20071001,10.44,45.01,6.6132,31.3,3.93,4.5,59.64,0.0
berbera,20071002,10.44,45.01,6.048,30.66,3.15,3.44,61.6,0.02
berbera,20071003,10.44,45.01,6.2431,30.12,2.87,3.24,59.98,1.06
berbera,20071004,10.44,45.01,7.0224,30.17,4.07,4.71,49.54,0.0
berbera,20071005,10.44,45.01,7.1323,29.78,3.1,3.48,48.54,0.0
berbera,20071006,10.44,45.01,6.9281,30.28,3.03,3.45,43.73,0.0
berbera,20071007,10.44,45.01,6.9391,30.12,3.92,4.39,52.75,0.02
berbera,20071008,10.44,45.01,6.8789,29.36,3.82,4.26,58.34,1.34
berbera,20071009,10.44,45.01,7.1837,29.02,2.96,3.28,45.56,0.0
berbera,20071010,10.44,45.01,7.2528,29.53,2.38,2.66,34.54,0.0
berbera,20071011,10.44,45.01,6.8129,30.51,2.95,3.41,37.38,0.0
berbera,20071012,10.44,45.01,6.5294,28.65,4.78,5.41,58.71,0.0
berbera,20071013,10.44,45.01,6.5719,28.38,4.72,5.22,65.64,1.73
berbera,20071014,10.44,45.01,6.3494,28.32,4.6,5.03,70.07,5.36
berbera,20071015,10.44,45.01,6.499,28.62,4.47,4.92,69.52,1.59
berbera,20071016,10.44,45.01,6.7099,28.39,3.74,4.02,70.65,0.9
berbera,20071017,10.44,45.01,6.5933,28.15,2.83,3.0,70.82,1.6
berbera,20071018,10.44,45.01,6.8174,28.31,3.57,3.94,64.54,0.22
berbera,20071019,10.44,45.01,6.9338,27.66,4.18,4.64,58.56,0.0
berbera,20071020,10.44,45.01,6.8611,27.17,3.96,4.34,66.87,0.21
berbera,20071021,10.44,45.01,6.5755,27.4,3.59,3.99,69.75,2.43
berbera,20071022,10.44,45.01,6.7627,27.49,3.56,3.96,66.55,0.01
berbera,20071023,10.44,45.01,6.9108,27.46,3.43,3.82,60.69,0.0
berbera,20071024,10.44,45.01,6.8455,27.57,3.2,3.59,56.15,0.0
berbera,20071025,10.44,45.01,6.9766,27.8,3.01,3.4,55.31,0.0
berbera,20071026,10.44,45.01,6.7152,27.51,3.4,3.82,55.59,0.0
berbera,20071027,10.44,45.01,6.7524,27.8,2.85,3.22,56.26,0.0
berbera,20071028,10.44,45.01,6.5578,28.07,2.97,3.32,56.5,0.09
berbera,20071029,10.44,45.01,6.6526,28.16,3.08,3.48,55.76,0.0
berbera,20071030,10.44,45.01,6.66,28.1,2.89,3.26,55.83,0.0
berbera,20071031,10.44,45.01,6.4428,28.23,2.42,2.71,54.07,0.01
berbera,20071101,10.44,45.01,6.3823,28.28,2.22,2.43,47.85,0.0
berbera,20071102,10.44,45.01,6.5222,28.25,2.75,3.1,48.25,0.0
berbera,20071103,10.44,45.01,6.5371,28.26,2.58,2.83,50.78,0.0
berbera,20071104,10.44,45.01,6.1457,28.23,5.14,5.93,64.52,0.08
berbera,20071105,10.44,45.01,5.5982,27.53,5.48,6.21,76.25,4.02
berbera,20071106,10.44,45.01,5.5512,26.89,4.88,5.64,77.97,6.57
berbera,20071107,10.44,45.01,5.7305,27.16,2.52,2.78,74.09,1.13
berbera,20071108,10.44,45.01,6.0917,27.61,2.53,2.85,74.11,1.66
berbera,20071109,10.44,45.01,6.0763,27.42,2.91,3.25,73.95,0.88
berbera,20071110,10.44,45.01,6.2441,27.07,3.2,3.57,72.49,0.42
berbera,20071111,10.44,45.01,5.7214,27.11,4.09,4.52,76.85,2.16
berbera,20071112,10.44,45.01,4.2096,26.83,4.59,5.22,73.7,0.51
berbera,20071113,10.44,45.01,6.2297,26.19,3.27,3.64,70.25,0.03
berbera,20071114,10.44,45.01,6.4567,25.81,3.79,4.26,67.35,0.0
berbera,20071115,10.44,45.01,6.3586,25.61,4.4,5.05,67.84,0.0
berbera,20071116,10.44,45.01,6.3629,25.3,3.93,4.46,64.67,0.0
berbera,20071117,10.44,45.01,6.3703,24.93,3.16,3.52,62.75,0.01
berbera,20071118,10.44,45.01,6.228,25.15,3.4,3.77,68.86,0.06
berbera,20071119,10.44,45.01,5.9686,26.06,4.55,5.15,74.02,1.47
berbera,20071120,10.44,45.01,5.8615,26.14,5.07,5.85,73.61,0.17
berbera,20071121,10.44,45.01,5.7449,26.11,5.22,6.06,74.02,0.27
berbera,20071122,10.44,45.01,6.15,25.59,5.01,5.82,70.0,0.04
berbera,20071123,10.44,45.01,6.2522,25.47,3.8,4.37,70.55,0.12
berbera,20071124,10.44,45.01,6.0276,25.36,3.98,4.56,72.31,0.11
berbera,20071125,10.44,45.01,6.198,24.98,3.63,4.12,69.98,0.03
berbera,20071126,10.44,45.01,6.1061,25.55,4.32,4.95,71.78,0.05
berbera,20071127,10.44,45.01,5.9998,25.46,4.35,4.97,72.63,0.0
berbera,20071128,10.44,45.01,6.0264,25.33,4.54,5.26,71.9,0.0
berbera,20071129,10.44,45.01,6.1217,25.32,4.78,5.58,67.34,0.0
berbera,20071130,10.44,45.01,6.0242,25.13,4.77,5.58,65.41,0.0
berbera,20071201,10.44,45.01,6.0749,24.62,4.85,5.65,67.73,0.0
berbera,20071202,10.44,45.01,6.1968,24.13,4.38,5.06,68.48,0.02
berbera,20071203,10.44,45.01,5.9287,24.23,4.44,5.08,71.98,0.01
berbera,20071204,10.44,45.01,5.634,24.58,4.46,5.13,72.68,0.06
berbera,20071205,10.44,45.01,5.7221,25.22,4.99,5.64,75.85,0.98
berbera,20071206,10.44,45.01,5.7588,25.28,5.62,6.55,73.47,0.35
berbera,20071207,10.44,45.01,5.7662,25.41,4.99,5.86,71.59,0.02
berbera,20071208,10.44,45.01,4.9265,25.14,4.36,4.92,78.0,0.09
berbera,20071209,10.44,45.01,5.6707,24.62,3.36,3.81,75.65,0.0
berbera,20071210,10.44,45.01,5.4281,24.76,3.15,3.54,72.76,0.01
berbera,20071211,10.44,45.01,5.9942,24.83,3.27,3.68,70.8,0.0
berbera,20071212,10.44,45.01,5.9856,24.53,3.32,3.74,71.18,0.0
berbera,20071213,10.44,45.01,6.0473,24.29,3.7,4.21,68.29,0.0
berbera,20071214,10.44,45.01,6.0055,24.63,4.8,5.6,69.65,0.0
berbera,20071215,10.44,45.01,5.8735,24.51,4.41,5.04,68.18,0.0
berbera,20071216,10.44,45.01,5.6136,24.66,4.82,5.6,73.82,0.0
berbera,20071217,10.44,45.01,3.408,24.37,4.77,5.56,70.96,0.0
berbera,20071218,10.44,45.01,5.549,24.3,4.39,5.05,70.11,0.0
berbera,20071219,10.44,45.01,5.003,24.15,3.79,4.36,71.19,0.0
berbera,20071220,10.44,45.01,5.8454,24.26,4.17,4.78,71.97,0.0
berbera,20071221,10.44,45.01,5.8462,23.76,3.69,4.21,74.97,0.0
berbera,20071222,10.44,45.01,6.102,23.93,2.5,2.72,67.92,0.01
berbera,20071223,10.44,45.01,6.0948,24.55,2.76,3.07,63.33,0.0
berbera,20071224,10.44,45.01,5.8094,24.69,3.44,3.91,70.07,0.02
berbera,20071225,10.44,45.01,5.6414,25.13,5.04,5.81,73.02,0.15
berbera,20071226,10.44,45.01,4.8773,25.13,5.69,6.67,76.96,1.19
berbera,20071227,10.44,45.01,5.5138,24.95,6.31,7.45,72.28,0.0
berbera,20071228,10.44,45.01,5.5258,24.88,5.84,6.81,72.29,0.0
berbera,20071229,10.44,45.01,5.735,24.82,5.89,6.94,71.76,0.0
berbera,20071230,10.44,45.01,5.7972,24.46,5.95,6.96,71.32,0.0
berbera,20071231,10.44,45.01,5.3664,24.35,5.15,5.83,72.8,0.0
berbera,20080101,10.44,45.01,5.7962,24.37,5.12,5.95,72.73,0.33
berbera,20080102,10.44,45.01,5.6568,24.01,4.86,5.64,72.12,0.07
berbera,20080103,10.44,45.01,5.7115,23.71,4.46,5.09,75.66,0.09
berbera,20080104,10.44,45.01,5.327,23.7,4.24,4.8,73.91,0.05
berbera,20080105,10.44,45.01,5.5978,23.48,2.5,2.73,73.14,0.14
berbera,20080106,10.44,45.01,6.047,23.56,2.65,2.84,74.11,0.58
berbera,20080107,10.44,45.01,5.7454,23.99,3.71,4.15,74.57,0.08
berbera,20080108,10.44,45.01,5.465,24.33,4.52,5.03,75.89,0.06
berbera,20080109,10.44,45.01,5.5754,25.04,4.94,5.55,73.34,0.1
berbera,20080110,10.44,45.01,5.4636,25.2,5.57,6.31,76.02,0.59
berbera,20080111,10.44,45.01,5.1466,25.39,5.14,5.86,77.07,0.0
berbera,20080112,10.44,45.01,5.3846,25.47,4.35,4.89,75.33,0.0
berbera,20080113,10.44,45.01,5.4653,25.4,4.93,5.47,79.01,0.0
berbera,20080114,10.44,45.01,4.6123,25.58,4.99,5.56,78.11,0.0
berbera,20080115,10.44,45.01,5.5627,25.5,5.1,5.73,77.54,0.0
berbera,20080116,10.44,45.01,5.1139,25.22,6.09,6.94,77.34,0.28
berbera,20080117,10.44,45.01,4.0358,24.78,8.22,9.41,77.87,0.46
berbera,20080118,10.44,45.01,3.7346,24.54,7.52,8.57,77.82,0.33
berbera,20080119,10.44,45.01,5.4492,24.37,6.23,7.2,74.22,0.25
berbera,20080120,10.44,45.01,5.9273,24.19,5.04,5.71,74.15,0.09
berbera,20080121,10.44,45.01,6.2549,23.88,5.2,6.04,71.52,0.03
berbera,20080122,10.44,45.01,6.0065,23.6,4.21,4.82,73.62,0.02
berbera,20080123,10.44,45.01,5.8466,23.45,3.92,4.4,74.09,0.01
berbera,20080124,10.44,45.01,6.4774,23.01,2.68,2.93,71.31,0.06
berbera,20080125,10.44,45.01,6.1834,24.04,3.53,3.9,75.12,0.02
berbera,20080126,10.44,45.01,6.1519,24.78,4.01,4.48,74.35,0.0
berbera,20080127,10.44,45.01,6.2462,24.67,3.1,3.26,73.58,0.0
berbera,20080128,10.44,45.01,5.9534,24.13,2.67,2.72,74.28,0.0
berbera,20080129,10.44,45.01,6.407,24.19,2.8,3.0,73.59,0.0
berbera,20080130,10.44,45.01,6.4178,24.31,2.83,3.04,74.2,0.0
berbera,20080131,10.44,45.01,6.5153,24.21,2.12,2.2,71.08,0.25
berbera,20080201,10.44,45.01,5.2342,24.56,4.67,5.35,79.64,6.15
berbera,20080202,10.44,45.01,5.7658,24.62,5.08,5.84,79.59,4.02
berbera,20080203,10.44,45.01,5.6995,24.04,5.26,6.12,68.56,0.1
berbera,20080204,10.44,45.01,6.1656,23.52,4.74,5.51,66.86,0.0
berbera,20080205,10.44,45.01,6.3852,23.42,5.68,6.67,65.44,0.0
berbera,20080206,10.44,45.01,6.6389,22.96,6.68,7.92,62.49,0.0
berbera,20080207,10.44,45.01,6.5347,22.91,6.26,7.38,66.98,0.01
berbera,20080208,10.44,45.01,6.2628,23.08,6.04,7.0,71.83,0.05
berbera,20080209,10.44,45.01,6.4032,22.91,5.93,6.93,70.36,0.17
berbera,20080210,10.44,45.01,6.768,22.75,4.79,5.56,69.98,0.0
berbera,20080211,10.44,45.01,6.8191,22.65,4.4,5.06,70.53,0.0
berbera,20080212,10.44,45.01,6.875,22.72,4.94,5.74,68.2,0.0
berbera,20080213,10.44,45.01,6.5746,23.06,3.97,4.52,67.69,0.0
berbera,20080214,10.44,45.01,6.3391,23.3,3.77,4.27,71.81,0.0
berbera,20080215,10.44,45.01,6.4118,23.23,3.56,3.98,74.11,0.02
berbera,20080216,10.44,45.01,5.1019,23.73,4.2,4.6,74.9,0.04
berbera,20080217,10.44,45.01,5.7082,24.53,6.15,6.94,77.87,0.06
berbera,20080218,10.44,45.01,5.741,25.08,5.36,6.1,78.95,0.04
berbera,20080219,10.44,45.01,6.1298,25.0,3.86,4.32,78.96,0.02
berbera,20080220,10.44,45.01,6.8681,24.07,2.55,2.69,74.26,0.42
berbera,20080221,10.44,45.01,7.0913,23.89,3.5,3.94,58.41,0.0
berbera,20080222,10.44,45.01,6.0859,24.09,5.5,6.38,63.9,0.0
berbera,20080223,10.44,45.01,6.3065,24.14,4.93,5.71,61.66,0.0
berbera,20080224,10.44,45.01,6.7694,23.98,4.94,5.72,62.98,0.0
berbera,20080225,10.44,45.01,6.9518,23.81,4.99,5.66,69.94,0.0
berbera,20080226,10.44,45.01,6.1706,23.88,4.09,4.47,72.29,0.0
berbera,20080227,10.44,45.01,6.8734,23.97,3.79,4.06,72.34,0.0
berbera,20080228,10.44,45.01,7.2168,23.04,3.19,3.42,72.54,0.0
berbera,20080229,10.44,45.01,7.1666,22.64,3.63,4.07,68.04,0.0
berbera,20080301,10.44,45.01,7.3894,23.13,3.02,3.29,66.89,0.0
berbera,20080302,10.44,45.01,7.3644,23.86,3.15,3.46,63.49,0.0
berbera,20080303,10.44,45.01,7.3063,23.68,2.52,2.62,63.79,0.0
berbera,20080304,10.44,45.01,7.1297,24.14,2.58,2.67,66.81,0.0
berbera,20080305,10.44,45.01,7.1623,24.45,3.68,3.94,71.01,0.0
berbera,20080306,10.44,45.01,6.8573,25.06,5.12,5.71,75.52,0.26
berbera,20080307,10.44,45.01,6.7358,25.31,4.8,5.45,75.64,0.0
berbera,20080308,10.44,45.01,7.0394,24.83,3.86,4.37,66.42,0.0
berbera,20080309,10.44,45.01,7.2722,24.15,3.7,4.24,61.87,0.0
berbera,20080310,10.44,45.01,7.4789,24.23,3.62,4.12,51.93,0.0
berbera,20080311,10.44,45.01,7.5734,24.01,4.24,4.82,55.64,0.0
berbera,20080312,10.44,45.01,7.7402,23.77,3.56,4.02,56.49,0.0
berbera,20080313,10.44,45.01,7.5902,24.41,3.89,4.37,58.7,0.0
berbera,20080314,10.44,45.01,7.5562,24.62,3.53,3.88,61.7,0.0
berbera,20080315,10.44,45.01,7.5091,23.91,3.2,3.45,70.59,0.0
berbera,20080316,10.44,45.01,7.3867,24.02,3.88,4.24,70.47,0.0
berbera,20080317,10.44,45.01,7.6862,24.04,3.45,3.86,67.14,0.0
berbera,20080318,10.44,45.01,7.5276,24.97,3.24,3.67,60.1,0.0
berbera,20080319,10.44,45.01,7.5917,25.06,3.34,3.74,57.94,0.0
berbera,20080320,10.44,45.01,7.6558,24.93,2.89,3.16,53.2,0.0
berbera,20080321,10.44,45.01,7.7292,24.97,2.77,3.03,58.6,0.0
berbera,20080322,10.44,45.01,7.6313,25.58,2.94,3.26,60.12,0.0
berbera,20080323,10.44,45.01,7.3526,26.96,3.22,3.76,56.28,0.0
berbera,20080324,10.44,45.01,7.6109,27.08,3.09,3.59,49.1,0.0
berbera,20080325,10.44,45.01,7.8384,27.18,3.67,4.29,40.15,0.0
berbera,20080326,10.44,45.01,7.793,26.39,4.18,4.84,50.62,0.0
berbera,20080327,10.44,45.01,7.5744,25.67,4.35,4.91,59.27,0.0
berbera,20080328,10.44,45.01,7.6073,25.96,4.66,5.25,63.62,0.0
berbera,20080329,10.44,45.01,7.3802,26.35,4.03,4.46,68.67,0.0
berbera,20080330,10.44,45.01,7.4446,27.02,3.58,3.99,69.28,0.06
berbera,20080331,10.44,45.01,7.319,27.59,3.35,3.74,69.66,0.02
berbera,20080401,10.44,45.01,7.2838,28.12,3.22,3.61,70.07,0.0
berbera,20080402,10.44,45.01,7.4285,27.8,3.44,3.71,72.83,0.14
berbera,20080403,10.44,45.01,7.135,28.24,3.99,4.53,70.69,0.26
berbera,20080404,10.44,45.01,7.3433,27.72,4.19,4.62,74.99,0.01
berbera,20080405,10.44,45.01,7.1227,27.8,4.46,4.88,71.89,0.05
berbera,20080406,10.44,45.01,7.0454,28.1,4.61,5.21,72.61,0.9
berbera,20080407,10.44,45.01,7.1923,27.93,4.35,4.92,72.24,0.38
berbera,20080408,10.44,45.01,7.285,28.05,4.33,4.79,70.68,0.21
berbera,20080409,10.44,45.01,7.2828,27.8,3.85,4.17,71.73,4.85
berbera,20080410,10.44,45.01,6.0607,26.72,3.21,3.41,79.33,10.24
berbera,20080411,10.44,45.01,6.4291,26.8,3.85,4.24,78.35,1.65
berbera,20080412,10.44,45.01,6.8654,26.91,4.84,5.33,78.07,1.42
berbera,20080413,10.44,45.01,7.1028,26.63,4.06,4.42,74.65,0.73
berbera,20080414,10.44,45.01,7.2898,26.65,2.7,2.87,70.92,0.01
berbera,20080415,10.44,45.01,7.3382,27.36,3.02,3.37,68.63,0.0
berbera,20080416,10.44,45.01,7.3615,27.33,2.57,2.92,66.77,1.3
berbera,20080417,10.44,45.01,7.5895,27.79,2.39,2.66,57.75,0.0
berbera,20080418,10.44,45.01,7.6145,28.62,2.44,2.81,55.22,0.0
berbera,20080419,10.44,45.01,7.3538,29.06,2.83,3.33,57.94,0.49
berbera,20080420,10.44,45.01,6.9619,29.13,3.19,3.86,62.72,3.62
berbera,20080421,10.44,45.01,6.709,29.15,3.7,4.42,65.85,0.31
berbera,20080422,10.44,45.01,6.481,29.6,3.14,3.68,61.97,0.02
berbera,20080423,10.44,45.01,7.0661,29.15,3.41,3.9,63.9,0.09
berbera,20080424,10.44,45.01,6.5938,29.19,3.69,4.35,62.16,0.41
berbera,20080425,10.44,45.01,7.0951,29.21,4.58,5.56,62.1,0.12
berbera,20080426,10.44,45.01,6.9802,29.57,4.98,6.02,61.15,0.11
berbera,20080427,10.44,45.01,7.1794,29.93,3.73,4.43,60.58,0.02
berbera,20080428,10.44,45.01,7.2924,29.97,2.94,3.52,56.23,0.0
berbera,20080429,10.44,45.01,7.1352,30.81,3.26,3.99,58.42,0.04
berbera,20080430,10.44,45.01,6.6422,30.57,3.44,3.99,64.03,0.37
berbera,20080501,10.44,45.01,5.4698,29.39,2.89,3.11,73.68,0.11
berbera,20080502,10.44,45.01,7.1352,29.84,3.47,3.85,66.55,0.02
berbera,20080503,10.44,45.01,7.0495,31.05,3.55,4.31,61.24,0.06
berbera,20080504,10.44,45.01,6.9048,31.63,3.65,4.48,61.43,0.01
berbera,20080505,10.44,45.01,6.7538,31.83,3.4,4.2,60.04,0.05
berbera,20080506,10.44,45.01,7.326,31.78,4.3,5.27,59.2,0.1
berbera,20080507,10.44,45.01,7.1285,31.3,4.93,5.8,59.65,0.42
berbera,20080508,10.44,45.01,6.6163,31.1,3.39,3.96,58.93,0.58
berbera,20080509,10.44,45.01,6.2189,30.56,3.12,3.38,62.97,0.51
berbera,20080510,10.44,45.01,6.8467,30.5,3.22,3.74,65.55,0.35
berbera,20080511,10.44,45.01,6.6998,31.61,4.61,5.72,58.05,0.66
berbera,20080512,10.44,45.01,6.3442,31.6,4.13,4.81,60.08,0.47
berbera,20080513,10.44,45.01,6.0185,31.5,3.3,3.83,61.72,0.53
berbera,20080514,10.44,45.01,6.491,30.72,2.57,2.81,63.37,0.21
berbera,20080515,10.44,45.01,7.283,31.44,3.47,4.0,62.04,0.22
berbera,20080516,10.44,45.01,7.1436,31.65,3.99,4.62,57.66,0.06
berbera,20080517,10.44,45.01,7.0481,32.0,4.25,5.11,56.01,0.03
berbera,20080518,10.44,45.01,7.1914,31.67,4.32,5.12,60.43,0.02
berbera,20080519,10.44,45.01,7.133,31.52,3.54,4.14,57.92,0.02
berbera,20080520,10.44,45.01,7.0889,31.47,3.25,3.77,58.12,0.01
berbera,20080521,10.44,45.01,5.6155,31.79,3.06,3.4,56.48,0.3
berbera,20080522,10.44,45.01,6.6343,31.47,2.7,3.1,60.34,0.03
berbera,20080523,10.44,45.01,6.7241,32.09,3.22,3.73,56.73,0.0
berbera,20080524,10.44,45.01,6.7992,32.7,4.5,5.39,54.51,0.0
berbera,20080525,10.44,45.01,6.8729,32.21,5.41,6.48,52.53,0.06
berbera,20080526,10.44,45.01,6.9252,32.91,5.35,6.62,51.67,0.0
berbera,20080527,10.44,45.01,7.153,32.42,6.02,7.2,52.93,0.0
berbera,20080528,10.44,45.01,6.9322,32.3,5.44,6.53,53.2,0.0
berbera,20080529,10.44,45.01,7.0284,32.64,5.65,6.67,53.79,0.0
berbera,20080530,10.44,45.01,6.9288,32.47,6.02,7.08,55.91,0.02
berbera,20080531,10.44,45.01,6.9288,32.52,5.56,6.66,56.47,0.03
berbera,20080601,10.44,45.01,5.8442,32.09,5.13,5.93,56.19,0.0
berbera,20080602,10.44,45.01,6.4517,32.59,4.6,5.84,54.83,0.04
berbera,20080603,10.44,45.01,6.7649,31.55,5.66,6.96,56.87,0.1
berbera,20080604,10.44,45.01,6.8376,32.02,5.08,5.96,51.28,0.12
berbera,20080605,10.44,45.01,6.8621,32.72,4.62,5.69,51.9,1.35
berbera,20080606,10.44,45.01,6.3058,32.96,5.49,7.06,50.76,0.25
berbera,20080607,10.44,45.01,6.0617,33.14,6.54,8.33,48.74,0.01
berbera,20080608,10.44,45.01,6.1154,32.56,6.14,7.9,48.54,0.0
berbera,20080609,10.44,45.01,5.7766,32.77,6.92,8.72,50.26,0.01
berbera,20080610,10.44,45.01,6.3202,32.62,7.26,9.01,48.95,0.0
berbera,20080611,10.44,45.01,6.3228,32.35,7.73,9.41,47.81,0.0
berbera,20080612,10.44,45.01,6.4747,32.08,6.21,7.51,50.92,0.0
berbera,20080613,10.44,45.01,6.6974,32.32,7.27,9.24,45.09,0.0
berbera,20080614,10.44,45.01,6.5923,32.56,8.13,10.28,47.95,0.0
berbera,20080615,10.44,45.01,6.1104,33.07,8.95,11.28,47.98,0.0
berbera,20080616,10.44,45.01,6.8179,33.08,7.46,9.58,47.87,0.0
berbera,20080617,10.44,45.01,6.4822,33.01,7.88,10.16,47.6,0.0
berbera,20080618,10.44,45.01,6.2275,33.14,9.06,11.45,45.94,0.0
berbera,20080619,10.44,45.01,5.9484,33.04,8.47,10.65,46.92,0.0
berbera,20080620,10.44,45.01,6.4886,33.05,9.68,11.93,46.2,0.05
berbera,20080621,10.44,45.01,6.2299,32.7,9.26,11.35,48.27,0.0
berbera,20080622,10.44,45.01,6.5863,32.62,8.19,10.03,49.3,0.01
berbera,20080623,10.44,45.01,6.3811,32.75,7.95,9.7,47.79,0.0
berbera,20080624,10.44,45.01,6.4531,33.08,8.43,10.3,47.78,0.0
berbera,20080625,10.44,45.01,5.8618,32.99,7.87,9.62,45.68,0.0
berbera,20080626,10.44,45.01,6.7781,32.7,7.95,9.77,47.13,0.01
berbera,20080627,10.44,45.01,6.6809,32.89,7.66,9.53,47.73,0.0
berbera,20080628,10.44,45.01,6.648,32.74,6.65,8.69,47.78,0.0
berbera,20080629,10.44,45.01,6.6187,32.62,7.88,10.22,43.13,0.0
berbera,20080630,10.44,45.01,6.6972,32.7,8.77,11.3,45.29,0.0
berbera,20080701,10.44,45.01,6.1978,33.13,9.28,11.75,43.52,0.0
berbera,20080702,10.44,45.01,5.9405,32.73,9.24,11.61,44.41,0.0
berbera,20080703,10.44,45.01,5.9146,32.74,8.62,10.75,48.85,0.0
berbera,20080704,10.44,45.01,6.4303,32.54,8.34,10.44,49.31,0.0
berbera,20080705,10.44,45.01,6.5465,33.11,7.33,9.13,46.76,0.0
berbera,20080706,10.44,45.01,5.9813,33.22,6.87,8.71,45.96,0.0
berbera,20080707,10.44,45.01,6.1882,33.18,10.29,12.67,44.62,0.02
berbera,20080708,10.44,45.01,6.4982,32.96,8.5,10.61,43.91,0.01
berbera,20080709,10.44,45.01,6.3744,32.75,7.68,9.81,43.93,0.0
berbera,20080710,10.44,45.01,6.239,32.67,8.64,10.92,47.25,0.68
berbera,20080711,10.44,45.01,5.2603,32.23,8.33,10.45,49.96,0.74
berbera,20080712,10.44,45.01,5.4046,31.56,8.36,10.44,55.07,3.0
berbera,20080713,10.44,45.01,6.1279,30.83,6.76,8.46,58.45,2.39
berbera,20080714,10.44,45.01,6.2885,31.19,8.57,10.73,52.65,0.11
berbera,20080715,10.44,45.01,6.4961,31.62,9.41,11.63,50.39,0.0
berbera,20080716,10.44,45.01,5.6609,31.87,9.64,11.99,48.87,0.18
berbera,20080717,10.44,45.01,5.9609,32.16,11.07,13.71,48.32,0.01
berbera,20080718,10.44,45.01,5.3794,32.19,9.31,11.57,48.34,0.61
berbera,20080719,10.44,45.01,5.873,31.83,8.38,10.57,48.83,0.0
berbera,20080720,10.44,45.01,6.2201,31.89,9.16,11.5,46.76,0.0
berbera,20080721,10.44,45.01,6.1918,31.37,11.32,14.22,50.51,0.11
berbera,20080722,10.44,45.01,5.9616,31.51,7.65,9.82,50.64,0.21
berbera,20080723,10.44,45.01,5.7427,31.65,8.99,11.36,47.91,0.01
berbera,20080724,10.44,45.01,6.2405,31.78,12.6,15.73,46.73,0.01
berbera,20080725,10.44,45.01,4.5586,31.71,10.5,13.23,48.13,0.03
berbera,20080726,10.44,45.01,5.8068,31.67,8.99,11.62,48.99,0.28
berbera,20080727,10.44,45.01,5.6246,31.33,8.79,11.22,51.07,0.04
berbera,20080728,10.44,45.01,6.0283,32.05,8.56,11.26,49.96,0.0
berbera,20080729,10.44,45.01,6.1711,31.75,8.4,11.08,51.24,0.03
berbera,20080730,10.44,45.01,5.7924,31.51,8.44,11.02,52.35,0.12
berbera,20080731,10.44,45.01,6.6415,31.44,7.75,10.05,49.76,0.05
berbera,20080801,10.44,45.01,5.2104,31.81,7.64,9.98,48.22,0.02
berbera,20080802,10.44,45.01,6.8714,31.84,7.93,10.53,48.64,0.0
berbera,20080803,10.44,45.01,6.403,31.66,7.72,10.19,48.43,0.05
berbera,20080804,10.44,45.01,6.167,32.31,8.95,11.95,47.1,0.03
berbera,20080805,10.44,45.01,5.5865,32.45,9.33,12.11,46.35,0.25
berbera,20080806,10.44,45.01,5.4163,30.84,7.41,9.4,55.28,0.73
berbera,20080807,10.44,45.01,5.8584,30.8,7.53,9.79,52.75,0.6
berbera,20080808,10.44,45.01,6.3838,31.97,8.12,10.59,46.79,0.0
berbera,20080809,10.44,45.01,6.4476,31.68,8.19,10.68,46.44,0.19
berbera,20080810,10.44,45.01,4.7774,31.53,9.07,11.6,50.15,0.74
berbera,20080811,10.44,45.01,6.2316,31.89,9.23,11.81,51.22,0.49
berbera,20080812,10.44,45.01,6.1709,31.95,11.51,14.54,48.82,0.21
berbera,20080813,10.44,45.01,6.4661,31.92,9.38,11.87,48.44,0.2
berbera,20080814,10.44,45.01,6.6149,31.71,8.55,10.92,48.55,0.03
berbera,20080815,10.44,45.01,5.1545,31.95,7.63,9.9,47.74,0.02
berbera,20080816,10.44,45.01,6.7742,32.21,7.02,9.09,46.7,0.02
berbera,20080817,10.44,45.01,6.9082,32.0,6.88,8.97,49.35,0.03
berbera,20080818,10.44,45.01,6.8165,32.21,6.1,7.96,48.12,0.01
berbera,20080819,10.44,45.01,6.8964,32.3,7.01,9.03,46.49,0.04
berbera,20080820,10.44,45.01,7.0699,32.65,7.02,8.99,46.04,0.14
berbera,20080821,10.44,45.01,7.093,32.24,5.86,7.55,48.99,0.0
berbera,20080822,10.44,45.01,7.2331,32.84,6.16,7.78,44.43,0.0
berbera,20080823,10.44,45.01,6.9708,32.77,7.42,9.26,46.16,0.69
berbera,20080824,10.44,45.01,6.852,32.54,6.79,8.65,47.99,0.06
berbera,20080825,10.44,45.01,6.8681,32.7,6.61,8.41,48.89,0.25
berbera,20080826,10.44,45.01,6.6156,32.92,7.53,9.52,48.02,0.45
berbera,20080827,10.44,45.01,6.6072,32.31,6.17,8.07,51.08,0.31
berbera,20080828,10.44,45.01,6.8863,32.28,5.3,6.73,52.87,0.1
berbera,20080829,10.44,45.01,7.2554,32.33,5.07,6.3,50.99,0.0
berbera,20080830,10.44,45.01,7.1789,33.12,5.13,6.57,48.77,0.01
berbera,20080831,10.44,45.01,7.265,33.06,5.84,7.33,49.58,0.01
berbera,20080901,10.44,45.01,7.1702,32.8,5.68,7.1,50.39,0.07
berbera,20080902,10.44,45.01,7.1306,32.51,5.55,6.84,52.24,0.07
berbera,20080903,10.44,45.01,6.7747,32.83,5.22,6.53,52.14,0.02
berbera,20080904,10.44,45.01,6.821,32.72,5.66,7.06,55.15,0.05
berbera,20080905,10.44,45.01,6.695,32.42,4.78,5.82,55.71,0.06
berbera,20080906,10.44,45.01,6.9322,32.59,3.71,4.4,54.15,0.14
berbera,20080907,10.44,45.01,6.7231,32.55,3.88,4.68,55.54,0.05
berbera,20080908,10.44,45.01,6.6641,32.47,4.78,5.78,54.25,0.02
berbera,20080909,10.44,45.01,6.7757,32.3,3.91,4.63,55.93,0.01
berbera,20080910,10.44,45.01,7.0097,32.78,4.09,4.96,47.85,0.07
berbera,20080911,10.44,45.01,6.8148,32.66,4.25,5.08,54.19,0.1
berbera,20080912,10.44,45.01,6.6091,32.36,3.66,4.32,60.82,0.01
berbera,20080913,10.44,45.01,6.8918,32.87,4.81,5.93,49.38,0.0
berbera,20080914,10.44,45.01,6.2261,33.0,4.0,5.06,48.96,0.04
berbera,20080915,10.44,45.01,6.4579,33.01,3.04,3.86,52.82,0.12
berbera,20080916,10.44,45.01,6.5213,32.62,5.27,6.28,53.8,0.03
berbera,20080917,10.44,45.01,6.515,32.46,4.17,4.91,54.16,0.04
berbera,20080918,10.44,45.01,6.4464,32.88,4.29,4.98,53.18,0.01
berbera,20080919,10.44,45.01,6.6022,33.0,4.17,4.94,53.07,0.0
berbera,20080920,10.44,45.01,6.7639,33.6,3.94,4.78,52.3,0.02
berbera,20080921,10.44,45.01,6.5561,33.49,4.41,5.44,50.92,0.0
berbera,20080922,10.44,45.01,6.3998,33.14,4.64,5.71,48.82,0.01
berbera,20080923,10.44,45.01,6.2059,32.53,3.93,4.48,56.0,0.14
berbera,20080924,10.44,45.01,5.7324,31.45,2.97,3.19,63.59,1.13
berbera,20080925,10.44,45.01,6.7766,30.64,3.01,3.19,65.55,0.51
berbera,20080926,10.44,45.01,6.6691,30.11,2.65,2.83,62.03,0.14
berbera,20080927,10.44,45.01,6.8054,30.53,2.78,3.0,60.15,0.02
berbera,20080928,10.44,45.01,6.7116,30.61,3.5,3.81,62.7,0.0
berbera,20080929,10.44,45.01,6.63,30.29,3.86,4.16,67.74,0.06
berbera,20080930,10.44,45.01,6.8592,29.78,3.8,4.19,61.81,0.0
berbera,20081001,10.44,45.01,7.1734,29.58,2.92,3.16,53.61,0.0
berbera,20081002,10.44,45.01,7.0738,29.83,3.13,3.41,52.62,0.0
berbera,20081003,10.44,45.01,7.027,29.0,4.46,4.96,58.62,0.0
berbera,20081004,10.44,45.01,7.0399,29.02,3.05,3.35,53.02,0.0
berbera,20081005,10.44,45.01,6.5839,29.95,2.61,2.8,53.55,0.0
berbera,20081006,10.44,45.01,6.5424,30.25,3.14,3.48,54.67,0.0
berbera,20081007,10.44,45.01,6.6528,30.13,3.53,3.93,53.71,0.0
berbera,20081008,10.44,45.01,6.3343,29.55,3.9,4.32,65.39,0.24
berbera,20081009,10.44,45.01,6.0338,29.07,4.71,5.23,69.16,0.22
berbera,20081010,10.44,45.01,5.5831,28.58,3.6,3.84,71.02,1.11
berbera,20081011,10.44,45.01,6.5822,28.61,4.33,4.74,69.79,0.27
berbera,20081012,10.44,45.01,6.6538,28.5,4.52,4.87,70.29,0.07
berbera,20081013,10.44,45.01,5.8334,28.44,4.66,5.17,71.77,1.38
berbera,20081014,10.44,45.01,6.5633,27.8,3.67,4.02,69.73,0.42
berbera,20081015,10.44,45.01,6.893,28.08,2.45,2.7,60.83,0.01
berbera,20081016,10.44,45.01,6.9485,29.03,2.79,3.19,52.18,0.0
berbera,20081017,10.44,45.01,6.809,29.64,3.48,4.02,44.48,0.0
berbera,20081018,10.44,45.01,6.6523,28.85,4.35,4.92,54.52,0.06
berbera,20081019,10.44,45.01,6.491,28.35,3.26,3.61,57.08,0.0
berbera,20081020,10.44,45.01,6.3276,28.61,2.26,2.53,55.78,0.0
berbera,20081021,10.44,45.01,5.2428,29.63,2.3,2.54,44.86,0.0
berbera,20081022,10.44,45.01,5.8754,30.05,2.42,2.66,42.11,0.0
berbera,20081023,10.44,45.01,5.7828,30.39,2.91,3.26,45.88,0.1
berbera,20081024,10.44,45.01,6.1476,29.78,3.34,3.68,60.0,0.56
berbera,20081025,10.44,45.01,3.9115,29.29,2.81,3.02,71.63,1.34
berbera,20081026,10.44,45.01,5.4866,27.8,1.53,1.63,80.13,4.16
berbera,20081027,10.44,45.01,5.9078,28.23,2.3,2.48,74.15,2.95
berbera,20081028,10.44,45.01,5.5867,28.61,2.52,2.7,72.16,0.22
berbera,20081029,10.44,45.01,6.2945,28.59,2.84,3.08,73.16,0.24
berbera,20081030,10.44,45.01,6.0701,28.47,3.53,3.82,73.59,0.21
berbera,20081031,10.44,45.01,6.2059,28.24,4.91,5.36,73.86,0.19
berbera,20081101,10.44,45.01,6.0838,28.03,5.7,6.29,73.16,0.23
berbera,20081102,10.44,45.01,5.9786,28.04,5.46,6.08,71.59,3.43
berbera,20081103,10.44,45.01,5.6542,28.13,5.39,6.08,73.66,5.08
berbera,20081104,10.44,45.01,4.8511,27.94,5.65,6.39,73.56,2.72
berbera,20081105,10.44,45.01,5.9443,27.34,4.8,5.31,74.51,0.97
berbera,20081106,10.44,45.01,6.2707,26.98,4.17,4.74,74.12,0.08
berbera,20081107,10.44,45.01,6.3881,26.86,4.12,4.63,72.69,0.1
berbera,20081108,10.44,45.01,6.3122,26.53,4.26,4.85,70.77,0.02
berbera,20081109,10.44,45.01,6.3574,26.21,4.4,5.06,68.4,0.1
berbera,20081110,10.44,45.01,6.3869,25.81,3.61,4.11,68.08,0.0
berbera,20081111,10.44,45.01,6.2796,25.78,3.21,3.59,69.35,0.0
berbera,20081112,10.44,45.01,6.4622,25.83,3.07,3.43,65.25,0.0
berbera,20081113,10.44,45.01,6.5251,25.74,3.38,3.81,63.56,0.0
berbera,20081114,10.44,45.01,6.4752,25.61,3.19,3.6,65.63,0.0
berbera,20081115,10.44,45.01,6.4325,25.81,4.02,4.63,65.94,0.0
berbera,20081116,10.44,45.01,6.2069,25.49,4.65,5.36,69.18,0.0
berbera,20081117,10.44,45.01,6.3706,25.14,4.48,5.19,65.1,0.0
berbera,20081118,10.44,45.01,6.3715,24.97,4.76,5.56,66.31,0.0
berbera,20081119,10.44,45.01,5.9083,25.06,4.29,5.01,69.24,0.0
berbera,20081120,10.44,45.01,5.8226,24.94,4.22,4.88,68.48,0.0
berbera,20081121,10.44,45.01,5.3849,24.82,3.67,4.12,73.68,0.0
berbera,20081122,10.44,45.01,6.0365,25.77,4.19,4.75,70.7,0.0
berbera,20081123,10.44,45.01,5.6054,26.04,4.18,4.62,76.12,0.0
berbera,20081124,10.44,45.01,5.5318,26.0,3.79,4.25,76.81,0.0
berbera,20081125,10.44,45.01,6.2081,26.05,3.46,3.93,74.12,0.0
berbera,20081126,10.44,45.01,6.2254,25.52,3.57,4.01,71.05,0.0
berbera,20081127,10.44,45.01,6.3329,25.1,3.73,4.23,62.34,0.0
berbera,20081128,10.44,45.01,6.2938,25.07,3.79,4.33,64.52,0.0
berbera,20081129,10.44,45.01,5.989,25.33,4.17,4.74,72.37,0.0
berbera,20081130,10.44,45.01,6.0401,25.26,3.63,4.03,71.61,0.0
berbera,20081201,10.44,45.01,6.1147,25.09,2.97,3.3,70.0,0.0
berbera,20081202,10.44,45.01,5.9856,25.23,3.8,4.28,69.09,0.0
berbera,20081203,10.44,45.01,5.9674,25.35,4.39,5.05,69.21,0.0
berbera,20081204,10.44,45.01,5.8637,25.52,5.1,5.92,71.52,0.0
berbera,20081205,10.44,45.01,5.826,25.5,5.45,6.41,69.85,0.0
berbera,20081206,10.44,45.01,6.085,24.99,5.19,6.03,65.72,0.0
berbera,20081207,10.44,45.01,6.0922,24.37,4.98,5.78,63.91,0.0
berbera,20081208,10.44,45.01,6.2544,23.67,4.96,5.77,61.6,0.0
berbera,20081209,10.44,45.01,6.1265,23.5,4.76,5.54,64.37,0.0
berbera,20081210,10.44,45.01,5.9081,23.76,4.76,5.52,68.92,0.0
berbera,20081211,10.44,45.01,5.1396,24.18,4.72,5.42,72.8,0.0
berbera,20081212,10.44,45.01,5.9873,23.84,4.05,4.59,72.34,0.0
berbera,20081213,10.44,45.01,6.1373,23.44,4.02,4.62,70.16,0.0
berbera,20081214,10.44,45.01,5.9878,23.41,4.11,4.64,69.63,0.0
berbera,20081215,10.44,45.01,5.9455,22.84,3.03,3.35,71.61,0.0
berbera,20081216,10.44,45.01,6.1094,23.01,2.79,3.09,68.7,0.0
berbera,20081217,10.44,45.01,5.9719,23.44,4.19,4.79,69.3,0.0
berbera,20081218,10.44,45.01,5.7816,24.12,5.57,6.57,71.38,0.02
berbera,20081219,10.44,45.01,5.801,24.15,5.65,6.64,68.37,0.0
berbera,20081220,10.44,45.01,5.862,23.52,6.25,7.32,66.21,0.0
berbera,20081221,10.44,45.01,5.7739,23.25,6.13,7.24,66.02,0.02
berbera,20081222,10.44,45.01,5.6086,23.76,6.14,7.21,70.39,0.0
berbera,20081223,10.44,45.01,5.3136,24.13,5.79,6.79,69.13,0.0
berbera,20081224,10.44,45.01,5.2973,23.71,4.46,5.2,71.53,0.0
berbera,20081225,10.44,45.01,5.711,23.73,3.87,4.44,69.73,0.0
berbera,20081226,10.44,45.01,5.3345,23.84,3.53,3.96,75.53,0.0
berbera,20081227,10.44,45.01,4.4767,24.21,4.2,4.69,76.86,0.0
berbera,20081228,10.44,45.01,4.8984,24.64,4.21,4.71,78.41,0.0
berbera,20081229,10.44,45.01,5.6395,24.34,4.29,4.87,74.67,0.0
berbera,20081230,10.44,45.01,5.9381,23.61,4.58,5.27,74.1,0.0
berbera,20081231,10.44,45.01,5.863,23.56,4.18,4.79,71.16,0.0
berbera,20090101,10.44,45.01,5.5685,23.46,3.77,4.22,73.66,0.06
berbera,20090102,10.44,45.01,5.4331,23.56,3.28,3.61,73.98,0.08
berbera,20090103,10.44,45.01,6.2578,23.3,2.97,3.27,70.97,0.0
berbera,20090104,10.44,45.01,6.0761,23.64,4.56,5.27,70.98,0.05
berbera,20090105,10.44,45.01,5.7713,23.81,4.47,5.13,70.42,0.37
berbera,20090106,10.44,45.01,5.8109,23.48,3.97,4.55,70.54,0.0
berbera,20090107,10.44,45.01,5.9292,23.61,4.17,4.76,72.37,0.01
berbera,20090108,10.44,45.01,5.5426,23.74,4.12,4.73,75.43,0.12
berbera,20090109,10.44,45.01,5.3671,23.73,4.26,4.82,74.81,0.05
berbera,20090110,10.44,45.01,5.8253,23.72,4.39,5.04,74.16,0.05
berbera,20090111,10.44,45.01,5.9321,23.75,4.06,4.59,75.1,0.0
berbera,20090112,10.44,45.01,5.8046,23.82,3.93,4.4,75.72,0.0
berbera,20090113,10.44,45.01,5.1108,24.28,4.0,4.56,76.29,0.0
berbera,20090114,10.44,45.01,5.0755,24.49,4.87,5.45,78.95,0.0
berbera,20090115,10.44,45.01,4.9008,24.54,7.98,9.22,77.77,0.0
berbera,20090116,10.44,45.01,5.0462,23.76,7.77,9.0,71.65,0.13
berbera,20090117,10.44,45.01,6.1102,23.49,6.21,7.16,68.79,0.0
berbera,20090118,10.44,45.01,5.4662,23.75,5.84,6.58,75.5,0.01
berbera,20090119,10.44,45.01,5.7518,25.07,4.91,5.54,69.65,0.04
berbera,20090120,10.44,45.01,4.2732,25.13,5.81,6.47,78.54,0.94
berbera,20090121,10.44,45.01,4.5713,25.16,6.62,7.43,80.63,0.74
berbera,20090122,10.44,45.01,4.6594,24.95,6.18,6.9,80.92,0.63
berbera,20090123,10.44,45.01,4.8238,24.98,5.67,6.26,79.2,1.02
berbera,20090124,10.44,45.01,4.7669,25.32,5.81,6.53,79.27,0.85
berbera,20090125,10.44,45.01,5.015,25.23,4.87,5.47,79.76,0.36
berbera,20090126,10.44,45.01,5.6582,24.73,4.47,5.07,80.35,1.88
berbera,20090127,10.44,45.01,6.1598,23.92,3.66,4.14,73.53,0.07
berbera,20090128,10.44,45.01,6.2009,23.56,3.77,4.26,73.33,0.0
berbera,20090129,10.44,45.01,6.3586,23.91,4.56,5.23,70.61,0.0
berbera,20090130,10.44,45.01,6.5186,23.48,4.73,5.44,69.97,0.05
berbera,20090131,10.44,45.01,6.5484,23.97,4.3,4.78,74.57,0.0
berbera,20090201,10.44,45.01,5.9081,24.7,4.3,4.73,76.25,0.0
berbera,20090202,10.44,45.01,6.072,24.93,3.95,4.34,77.9,0.0
berbera,20090203,10.44,45.01,5.9292,24.68,4.22,4.75,77.12,0.0
berbera,20090204,10.44,45.01,6.1555,24.5,4.99,5.6,75.31,0.0
berbera,20090205,10.44,45.01,6.3389,24.5,4.7,5.33,72.76,0.0
berbera,20090206,10.44,45.01,6.5863,24.47,4.7,5.34,70.45,0.0
berbera,20090207,10.44,45.01,5.8673,24.53,4.82,5.33,73.27,0.0
berbera,20090208,10.44,45.01,6.1452,24.38,4.72,5.19,74.9,0.0
berbera,20090209,10.44,45.01,6.2506,24.48,4.18,4.74,76.1,0.0
berbera,20090210,10.44,45.01,6.3586,24.27,4.17,4.67,74.8,0.5
berbera,20090211,10.44,45.01,6.6682,24.74,3.81,4.04,76.03,0.11
berbera,20090212,10.44,45.01,6.7152,25.01,4.15,4.53,74.16,0.5
berbera,20090213,10.44,45.01,6.6878,24.87,4.67,5.3,73.72,0.01
berbera,20090214,10.44,45.01,6.3223,25.05,4.48,5.0,74.76,0.0
berbera,20090215,10.44,45.01,5.9957,25.12,4.7,5.33,73.3,0.0
berbera,20090216,10.44,45.01,5.9839,24.38,4.36,4.93,72.5,0.0
berbera,20090217,10.44,45.01,6.3646,24.27,4.07,4.53,72.09,0.0
berbera,20090218,10.44,45.01,6.0797,24.35,3.75,4.1,74.34,0.0
berbera,20090219,10.44,45.01,6.2398,23.87,4.05,4.51,73.5,0.0
berbera,20090220,10.44,45.01,6.8534,24.0,4.25,4.81,72.74,0.0
berbera,20090221,10.44,45.01,6.6367,24.71,4.57,5.09,76.9,0.0
berbera,20090222,10.44,45.01,6.7111,24.73,3.7,4.01,73.75,0.0
berbera,20090223,10.44,45.01,6.4188,25.34,4.43,4.87,74.74,0.0
berbera,20090224,10.44,45.01,6.3895,25.61,4.73,5.27,75.19,0.0
berbera,20090225,10.44,45.01,6.2122,25.81,4.09,4.5,75.27,0.01
berbera,20090226,10.44,45.01,6.2597,26.13,4.45,4.92,79.07,0.37
berbera,20090227,10.44,45.01,6.6106,26.94,4.39,5.14,73.72,0.41
berbera,20090228,10.44,45.01,6.9233,26.92,3.99,4.56,67.28,0.0
berbera,20090301,10.44,45.01,7.0632,26.12,2.99,3.28,68.22,0.0
berbera,20090302,10.44,45.01,5.9616,25.32,2.63,2.86,77.07,0.09
berbera,20090303,10.44,45.01,6.8122,25.69,3.14,3.46,74.0,0.02
berbera,20090304,10.44,45.01,6.9478,25.19,4.14,4.63,72.72,0.01
berbera,20090305,10.44,45.01,6.7934,25.24,4.62,5.13,72.61,0.03
berbera,20090306,10.44,45.01,6.8585,25.59,4.84,5.43,72.25,0.03
berbera,20090307,10.44,45.01,6.9101,25.77,4.55,5.21,72.67,0.88
berbera,20090308,10.44,45.01,7.0063,26.22,4.24,4.96,63.89,0.0
berbera,20090309,10.44,45.01,7.0241,26.22,3.75,4.32,62.75,0.0
berbera,20090310,10.44,45.01,7.195,25.17,4.26,4.79,67.09,0.0
berbera,20090311,10.44,45.01,7.1803,24.43,4.64,5.25,70.2,0.0
berbera,20090312,10.44,45.01,7.248,24.79,5.13,5.92,69.72,0.0
berbera,20090313,10.44,45.01,7.1035,25.22,4.93,5.55,72.15,0.0
berbera,20090314,10.44,45.01,7.1801,25.67,4.84,5.39,72.13,0.0
berbera,20090315,10.44,45.01,7.2127,26.2,4.22,4.65,72.06,0.0
berbera,20090316,10.44,45.01,7.0997,25.96,4.34,4.73,75.13,0.0
berbera,20090317,10.44,45.01,7.1232,25.95,3.65,3.85,76.5,0.06
berbera,20090318,10.44,45.01,6.7526,26.37,4.16,4.53,76.78,0.23
berbera,20090319,10.44,45.01,6.6185,26.3,4.15,4.51,78.58,0.33
berbera,20090320,10.44,45.01,7.0649,26.25,3.66,4.07,75.95,0.06
berbera,20090321,10.44,45.01,7.1662,26.62,3.71,4.08,75.54,0.18
berbera,20090322,10.44,45.01,7.2326,26.9,3.41,3.7,76.07,0.0
berbera,20090323,10.44,45.01,6.8772,27.39,3.85,4.29,74.17,0.0
berbera,20090324,10.44,45.01,7.1333,27.93,4.07,4.65,72.44,0.0
berbera,20090325,10.44,45.01,7.0145,28.07,4.24,4.87,72.27,0.0
berbera,20090326,10.44,45.01,6.8364,27.44,3.84,4.18,73.47,0.0
berbera,20090327,10.44,45.01,6.755,27.18,3.91,4.25,74.71,0.04
berbera,20090328,10.44,45.01,7.1107,27.04,3.67,3.95,74.36,0.04
berbera,20090329,10.44,45.01,7.0502,27.04,3.16,3.32,75.95,0.06
berbera,20090330,10.44,45.01,6.0835,26.92,2.83,2.9,76.4,0.17
berbera,20090331,10.44,45.01,4.8466,27.54,3.38,3.7,73.66,0.03
berbera,20090401,10.44,45.01,5.6527,28.16,3.44,4.05,70.58,2.92
berbera,20090402,10.44,45.01,5.7706,28.09,4.09,4.85,74.07,5.41
berbera,20090403,10.44,45.01,5.6124,27.88,4.45,5.33,74.26,5.87
berbera,20090404,10.44,45.01,6.6463,27.66,2.82,3.23,77.57,8.04
berbera,20090405,10.44,45.01,6.3091,27.67,3.06,3.45,78.91,3.15
berbera,20090406,10.44,45.01,6.762,27.16,2.96,3.32,81.99,7.13
berbera,20090407,10.44,45.01,7.1102,27.44,2.75,3.05,74.54,0.13
berbera,20090408,10.44,45.01,7.1798,27.76,2.83,3.32,68.75,0.02
berbera,20090409,10.44,45.01,7.2934,28.44,4.04,4.78,66.26,0.08
berbera,20090410,10.44,45.01,7.2262,28.16,3.44,3.89,70.07,0.66
berbera,20090411,10.44,45.01,7.0702,27.72,3.31,3.59,75.09,1.92
berbera,20090412,10.44,45.01,6.7906,28.09,2.89,3.1,75.11,2.31
berbera,20090413,10.44,45.01,6.9142,28.52,2.26,2.65,74.01,1.2
berbera,20090414,10.44,45.01,6.9598,29.24,2.69,3.65,69.89,1.12
berbera,20090415,10.44,45.01,6.9972,29.01,3.06,3.78,71.64,0.11
berbera,20090416,10.44,45.01,7.0411,28.69,2.95,3.28,73.1,0.0
berbera,20090417,10.44,45.01,6.9528,28.21,3.1,3.45,68.6,0.0
berbera,20090418,10.44,45.01,7.2098,27.52,2.74,2.94,71.44,0.0
berbera,20090419,10.44,45.01,7.3764,27.48,3.6,3.99,73.7,0.0
berbera,20090420,10.44,45.01,6.8798,27.36,3.74,4.16,71.28,0.0
berbera,20090421,10.44,45.01,7.3325,27.63,2.99,3.26,65.31,0.02
berbera,20090422,10.44,45.01,7.3582,28.88,3.57,4.15,63.73,0.05
berbera,20090423,10.44,45.01,7.2394,29.37,4.03,4.77,67.03,0.16
berbera,20090424,10.44,45.01,6.9967,29.18,4.29,5.0,67.86,0.25
berbera,20090425,10.44,45.01,7.2002,29.04,4.11,4.77,66.33,0.3
berbera,20090426,10.44,45.01,7.3282,28.68,4.1,4.61,66.82,0.01
berbera,20090427,10.44,45.01,7.3049,28.67,4.14,4.53,69.82,0.02
berbera,20090428,10.44,45.01,7.1827,29.28,4.07,4.44,66.75,0.03
berbera,20090429,10.44,45.01,6.7032,29.54,3.68,4.01,66.86,0.31
berbera,20090430,10.44,45.01,7.3493,29.63,3.46,3.73,67.76,0.29
berbera,20090501,10.44,45.01,7.29,30.42,3.78,4.47,63.07,0.12
berbera,20090502,10.44,45.01,7.3332,30.33,4.65,5.55,59.5,0.01
berbera,20090503,10.44,45.01,7.0778,29.91,4.6,5.26,61.98,0.0
berbera,20090504,10.44,45.01,7.0762,29.77,3.24,3.62,66.35,0.44
berbera,20090505,10.44,45.01,7.4143,30.43,3.37,3.92,57.92,0.0
berbera,20090506,10.44,45.01,7.3078,31.16,3.86,4.64,52.96,0.0
berbera,20090507,10.44,45.01,7.2463,30.53,4.45,5.18,58.6,0.0
berbera,20090508,10.44,45.01,7.2799,29.8,3.12,3.43,62.14,0.0
berbera,20090509,10.44,45.01,7.1839,29.75,2.71,2.87,61.72,0.0
berbera,20090510,10.44,45.01,7.2082,29.34,2.6,2.66,64.55,0.0
berbera,20090511,10.44,45.01,7.008,29.74,2.66,2.74,64.35,0.03
berbera,20090512,10.44,45.01,6.5568,30.29,2.65,2.84,68.04,0.23
berbera,20090513,10.44,45.01,7.087,30.38,2.98,3.38,66.72,0.12
berbera,20090514,10.44,45.01,7.145,30.4,3.44,3.81,59.06,0.01
berbera,20090515,10.44,45.01,6.1344,30.6,3.33,3.84,60.04,0.02
berbera,20090516,10.44,45.01,6.7181,30.44,3.17,3.49,65.31,0.01
berbera,20090517,10.44,45.01,6.6763,30.11,3.08,3.33,67.23,0.01
berbera,20090518,10.44,45.01,6.4632,29.75,2.53,2.79,67.36,0.01
berbera,20090519,10.44,45.01,6.7402,31.27,3.48,3.98,58.99,0.0
berbera,20090520,10.44,45.01,7.0135,31.39,3.08,3.41,58.06,0.0
berbera,20090521,10.44,45.01,6.7778,32.29,3.56,4.24,55.97,0.0
berbera,20090522,10.44,45.01,7.0841,32.75,3.89,4.74,49.94,0.0
berbera,20090523,10.44,45.01,7.1033,32.62,3.59,4.29,48.33,0.03
berbera,20090524,10.44,45.01,7.0826,32.38,4.44,5.37,52.51,0.0
berbera,20090525,10.44,45.01,7.019,31.81,4.38,5.11,52.43,0.01
berbera,20090526,10.44,45.01,7.1246,31.52,3.64,4.14,54.38,0.0
berbera,20090527,10.44,45.01,7.0654,31.31,3.51,3.99,53.44,0.0
berbera,20090528,10.44,45.01,7.0754,31.46,3.55,4.06,52.54,0.04
berbera,20090529,10.44,45.01,6.811,32.48,3.75,4.6,55.65,0.3
berbera,20090530,10.44,45.01,7.0795,32.94,3.48,4.26,50.7,0.0
berbera,20090531,10.44,45.01,6.4658,33.59,4.11,5.16,48.06,0.0
berbera,20090601,10.44,45.01,6.9151,33.94,4.44,5.76,47.31,0.0
berbera,20090602,10.44,45.01,7.039,34.14,4.8,6.27,49.86,0.0
berbera,20090603,10.44,45.01,6.9022,34.01,4.89,6.19,51.37,0.0
berbera,20090604,10.44,45.01,7.0886,33.92,4.95,6.39,46.67,0.0
berbera,20090605,10.44,45.01,7.1678,33.94,5.43,7.08,40.79,0.0
berbera,20090606,10.44,45.01,7.0639,33.68,4.99,6.58,43.0,0.0
berbera,20090607,10.44,45.01,7.0754,33.87,5.5,7.24,44.73,0.0
berbera,20090608,10.44,45.01,7.0644,33.84,6.25,7.82,50.8,0.0
berbera,20090609,10.44,45.01,7.1496,33.48,5.51,6.64,54.44,0.01
berbera,20090610,10.44,45.01,7.0114,32.54,4.65,5.62,58.15,0.35
berbera,20090611,10.44,45.01,6.5314,33.16,3.8,4.65,54.51,0.0
berbera,20090612,10.44,45.01,6.8654,33.55,4.52,5.62,52.35,0.0
berbera,20090613,10.44,45.01,7.1045,33.46,3.9,4.72,54.2,0.0
berbera,20090614,10.44,45.01,7.0493,33.04,4.48,5.29,56.77,0.41
berbera,20090615,10.44,45.01,6.8599,33.52,5.93,7.28,53.53,0.36
berbera,20090616,10.44,45.01,6.9482,33.49,5.75,7.07,53.2,0.3
berbera,20090617,10.44,45.01,7.249,33.13,5.24,6.27,51.42,0.13
berbera,20090618,10.44,45.01,7.2576,33.02,5.0,5.91,52.54,0.05
berbera,20090619,10.44,45.01,7.3207,32.3,4.95,5.81,53.8,0.04
berbera,20090620,10.44,45.01,6.9823,32.73,4.92,5.86,51.36,0.04
berbera,20090621,10.44,45.01,6.6986,33.88,5.79,7.39,47.79,0.01
berbera,20090622,10.44,45.01,6.7082,33.86,6.46,8.02,48.53,0.03
berbera,20090623,10.44,45.01,6.5018,33.77,7.12,8.91,47.69,0.0
berbera,20090624,10.44,45.01,6.5998,33.63,7.41,9.26,47.58,0.0
berbera,20090625,10.44,45.01,6.8767,33.56,6.85,8.69,47.65,0.0
berbera,20090626,10.44,45.01,6.7092,33.32,5.92,7.49,51.1,0.0
berbera,20090627,10.44,45.01,6.515,33.79,6.05,7.62,47.98,0.0
berbera,20090628,10.44,45.01,6.1915,33.71,6.59,8.5,48.96,0.0
berbera,20090629,10.44,45.01,6.4682,33.01,7.42,9.64,47.7,0.0
berbera,20090630,10.44,45.01,6.4094,33.16,8.27,10.45,47.7,0.2
berbera,20090701,10.44,45.01,6.5042,33.11,9.47,11.9,45.24,0.13
berbera,20090702,10.44,45.01,5.1319,32.7,11.48,14.25,46.98,0.13
berbera,20090703,10.44,45.01,4.4537,33.15,10.85,13.66,44.07,0.0
berbera,20090704,10.44,45.01,4.9606,32.67,10.14,12.8,47.8,0.29
berbera,20090705,10.44,45.01,4.9157,32.54,8.14,10.21,50.11,0.01
berbera,20090706,10.44,45.01,5.1439,31.93,8.83,10.96,49.55,0.23
berbera,20090707,10.44,45.01,4.745,31.96,8.59,10.84,48.26,0.0
berbera,20090708,10.44,45.01,5.479,32.06,9.01,11.32,48.19,0.07
berbera,20090709,10.44,45.01,6.4195,32.77,8.58,10.75,43.7,0.0
berbera,20090710,10.44,45.01,5.9786,32.69,6.58,8.54,43.26,0.0
berbera,20090711,10.44,45.01,6.2808,32.74,8.24,10.68,45.31,0.16
berbera,20090712,10.44,45.01,5.304,32.69,7.2,9.52,46.53,0.16
berbera,20090713,10.44,45.01,6.0655,32.95,7.3,9.69,46.92,0.13
berbera,20090714,10.44,45.01,6.4462,33.73,8.3,10.82,44.5,0.07
berbera,20090715,10.44,45.01,6.3214,33.24,7.87,10.37,48.24,0.03
berbera,20090716,10.44,45.01,5.3486,33.42,8.61,11.09,47.14,0.4
berbera,20090717,10.44,45.01,5.2956,32.38,8.93,11.37,49.48,0.4
berbera,20090718,10.44,45.01,5.8075,32.46,10.98,13.82,45.65,0.14
berbera,20090719,10.44,45.01,6.3432,32.53,8.26,10.37,43.7,0.01
berbera,20090720,10.44,45.01,6.6197,32.26,7.26,9.3,46.52,0.0
berbera,20090721,10.44,45.01,5.5534,32.36,7.86,10.2,47.78,0.06
berbera,20090722,10.44,45.01,6.6833,32.79,8.4,10.64,46.66,0.39
berbera,20090723,10.44,45.01,6.6065,32.77,7.36,9.34,48.53,0.18
berbera,20090724,10.44,45.01,6.7733,32.92,5.78,7.69,48.66,0.25
berbera,20090725,10.44,45.01,6.4178,32.6,7.06,9.3,49.25,0.1
berbera,20090726,10.44,45.01,6.774,32.49,7.2,9.24,45.93,0.0
berbera,20090727,10.44,45.01,6.743,33.51,9.51,12.14,46.24,0.11
berbera,20090728,10.44,45.01,6.607,33.25,7.7,10.08,47.84,0.08
berbera,20090729,10.44,45.01,6.3082,33.31,8.13,10.54,46.11,0.05
berbera,20090730,10.44,45.01,6.714,33.79,8.44,10.88,44.19,0.04
berbera,20090731,10.44,45.01,6.3626,32.87,8.31,10.56,47.59,1.0
berbera,20090801,10.44,45.01,6.7826,32.62,8.44,10.52,47.68,0.71
berbera,20090802,10.44,45.01,6.7927,32.87,7.16,8.96,46.19,0.09
berbera,20090803,10.44,45.01,6.817,33.38,7.22,9.04,45.81,0.49
berbera,20090804,10.44,45.01,6.733,33.44,7.64,9.64,46.76,0.06
berbera,20090805,10.44,45.01,6.8393,33.72,8.03,10.28,45.52,0.04
berbera,20090806,10.44,45.01,6.4646,33.62,8.29,10.68,45.66,0.05
berbera,20090807,10.44,45.01,6.6,33.68,10.29,13.04,43.34,0.01
berbera,20090808,10.44,45.01,6.5126,33.41,9.21,11.69,46.57,0.03
berbera,20090809,10.44,45.01,6.2568,33.19,9.48,12.05,44.58,0.02
berbera,20090810,10.44,45.01,6.6482,33.15,8.22,10.42,45.25,0.07
berbera,20090811,10.44,45.01,6.8885,32.99,7.71,9.72,45.68,0.05
berbera,20090812,10.44,45.01,6.8928,32.92,5.98,7.85,48.08,0.01
berbera,20090813,10.44,45.01,6.6847,32.78,5.71,7.72,48.7,0.0
berbera,20090814,10.44,45.01,6.5731,33.09,5.18,7.01,49.37,0.0
berbera,20090815,10.44,45.01,6.6139,33.08,6.87,9.16,47.84,0.0
berbera,20090816,10.44,45.01,6.7102,33.19,7.55,9.8,44.92,0.0
berbera,20090817,10.44,45.01,6.2666,33.13,7.19,9.05,46.98,0.0
berbera,20090818,10.44,45.01,6.6734,33.09,6.75,8.66,47.67,0.0
berbera,20090819,10.44,45.01,6.3377,33.62,6.6,8.32,45.34,0.0
berbera,20090820,10.44,45.01,6.2652,34.0,7.58,9.51,44.43,0.01
berbera,20090821,10.44,45.01,6.0701,31.84,6.61,8.06,51.08,0.04
berbera,20090822,10.44,45.01,6.5362,33.06,7.05,8.96,48.35,0.0
berbera,20090823,10.44,45.01,6.6468,32.72,6.43,8.16,48.65,0.0
berbera,20090824,10.44,45.01,6.7147,33.34,6.02,7.73,47.25,0.13
berbera,20090825,10.44,45.01,6.4409,32.42,5.55,6.81,52.17,0.09
berbera,20090826,10.44,45.01,7.0733,32.39,8.13,10.24,46.3,0.01
berbera,20090827,10.44,45.01,7.2713,32.77,5.79,7.32,47.08,0.0
berbera,20090828,10.44,45.01,7.1933,32.76,4.92,6.1,47.01,0.01
berbera,20090829,10.44,45.01,6.9312,33.1,4.59,5.94,43.34,0.06
berbera,20090830,10.44,45.01,4.2934,32.29,4.8,6.14,50.72,1.31
berbera,20090831,10.44,45.01,6.0139,32.61,5.81,7.48,50.28,0.13
berbera,20090901,10.44,45.01,6.6859,32.79,5.81,7.37,49.54,0.43
berbera,20090902,10.44,45.01,6.3706,32.92,5.19,6.7,49.66,0.26
berbera,20090903,10.44,45.01,6.5923,33.29,7.77,9.68,45.81,0.11
berbera,20090904,10.44,45.01,6.6439,33.01,7.04,9.05,46.66,0.03
berbera,20090905,10.44,45.01,5.7454,33.01,6.83,8.77,48.55,0.15
berbera,20090906,10.44,45.01,6.8861,33.32,5.75,7.43,48.73,0.01
berbera,20090907,10.44,45.01,7.025,33.13,6.34,8.16,46.32,0.0
berbera,20090908,10.44,45.01,7.0066,32.88,6.15,7.84,46.97,0.04
berbera,20090909,10.44,45.01,7.0289,32.67,5.03,6.35,51.76,0.04
berbera,20090910,10.44,45.01,6.7193,32.47,5.38,6.43,52.06,0.02
berbera,20090911,10.44,45.01,7.061,33.03,5.43,6.83,50.56,0.0
berbera,20090912,10.44,45.01,7.1477,33.09,4.17,5.19,46.26,0.0
berbera,20090913,10.44,45.01,7.0697,32.61,4.63,5.36,55.98,0.0
berbera,20090914,10.44,45.01,6.6946,30.49,3.57,3.78,69.44,0.0
berbera,20090915,10.44,45.01,6.6499,30.14,2.9,2.95,69.95,0.0
berbera,20090916,10.44,45.01,6.948,30.97,2.53,2.78,61.25,0.0
berbera,20090917,10.44,45.01,7.0704,31.1,3.01,3.39,59.11,0.0
berbera,20090918,10.44,45.01,7.3502,30.27,3.22,3.57,56.91,0.0
berbera,20090919,10.44,45.01,6.9854,29.74,3.07,3.32,62.09,0.0
berbera,20090920,10.44,45.01,6.911,30.55,3.25,3.52,66.97,0.0
berbera,20090921,10.44,45.01,7.067,31.15,2.46,2.77,61.29,0.0
berbera,20090922,10.44,45.01,6.3557,30.93,3.46,3.76,61.97,0.0
berbera,20090923,10.44,45.01,6.2818,30.56,3.14,3.32,63.37,0.51
berbera,20090924,10.44,45.01,6.061,31.32,3.25,3.49,60.7,0.3
berbera,20090925,10.44,45.01,6.7769,31.32,2.62,2.75,62.06,0.87
berbera,20090926,10.44,45.01,6.9535,31.18,2.62,2.81,59.72,0.01
berbera,20090927,10.44,45.01,6.8184,32.11,2.61,3.03,53.81,0.07
berbera,20090928,10.44,45.01,6.3638,32.36,3.38,3.95,54.73,0.06
berbera,20090929,10.44,45.01,6.4066,32.34,3.6,4.27,54.98,0.0
berbera,20090930,10.44,45.01,6.6415,31.79,3.96,4.67,55.01,0.01
berbera,20091001,10.44,45.01,6.8626,31.56,2.99,3.4,52.53,0.0
berbera,20091002,10.44,45.01,6.2585,31.55,3.2,3.64,46.63,0.0
berbera,20091003,10.44,45.01,6.5748,32.19,2.82,3.17,44.6,0.0
berbera,20091004,10.44,45.01,6.635,31.88,3.48,4.11,48.64,0.0
berbera,20091005,10.44,45.01,5.6825,31.96,3.63,4.18,57.45,1.17
berbera,20091006,10.44,45.01,6.6547,32.22,3.38,3.94,56.53,0.27
berbera,20091007,10.44,45.01,6.3017,32.55,4.34,5.13,54.55,0.76
berbera,20091008,10.44,45.01,6.1349,32.36,5.05,5.97,56.62,0.15
berbera,20091009,10.44,45.01,5.7845,31.73,4.27,4.92,60.61,0.57
berbera,20091010,10.44,45.01,5.2123,31.43,2.41,2.64,60.42,1.4
berbera,20091011,10.44,45.01,5.0266,31.01,2.79,3.16,62.55,2.53
berbera,20091012,10.44,45.01,5.6333,29.42,2.51,2.81,71.25,2.76
berbera,20091013,10.44,45.01,5.7518,28.58,3.43,3.84,74.68,3.79
berbera,20091014,10.44,45.01,6.7157,28.44,3.72,4.2,67.26,0.95
berbera,20091015,10.44,45.01,6.6492,28.02,4.32,4.88,66.56,0.4
berbera,20091016,10.44,45.01,5.772,27.91,3.75,4.2,68.76,3.27
berbera,20091017,10.44,45.01,6.4445,28.37,3.87,4.37,70.86,4.67
berbera,20091018,10.44,45.01,6.4339,27.91,3.92,4.42,72.08,4.41
berbera,20091019,10.44,45.01,6.5729,27.43,3.98,4.42,67.99,0.06
berbera,20091020,10.44,45.01,6.6866,27.17,3.43,3.81,64.08,0.04
berbera,20091021,10.44,45.01,6.7798,27.05,3.47,3.83,69.33,1.01
berbera,20091022,10.44,45.01,6.5894,27.45,3.74,4.12,72.51,0.32
berbera,20091023,10.44,45.01,6.5177,27.75,4.22,4.66,74.07,0.05
berbera,20091024,10.44,45.01,6.4454,27.68,5.06,5.63,71.29,0.0
berbera,20091025,10.44,45.01,6.2851,27.83,5.24,5.8,69.89,0.01
berbera,20091026,10.44,45.01,6.4505,27.5,4.67,5.19,71.3,0.0
berbera,20091027,10.44,45.01,6.5731,26.84,4.22,4.67,69.61,0.0
berbera,20091028,10.44,45.01,6.6242,26.37,3.81,4.28,66.45,0.0
berbera,20091029,10.44,45.01,6.6926,25.81,3.9,4.4,63.6,0.0
berbera,20091030,10.44,45.01,6.6653,26.11,3.82,4.26,67.34,0.0
berbera,20091031,10.44,45.01,6.5938,26.4,3.9,4.35,70.26,0.0
berbera,20091101,10.44,45.01,6.4008,26.9,4.29,4.74,72.36,0.0
berbera,20091102,10.44,45.01,6.1822,27.04,4.12,4.63,73.25,0.0
berbera,20091103,10.44,45.01,5.9621,27.35,4.36,4.76,73.81,0.0
berbera,20091104,10.44,45.01,5.8992,26.88,4.53,5.1,75.21,0.0
berbera,20091105,10.44,45.01,6.5294,26.16,3.31,3.76,65.53,0.0
berbera,20091106,10.44,45.01,6.137,25.89,3.96,4.51,68.38,0.0
berbera,20091107,10.44,45.01,6.4394,25.93,3.26,3.68,61.76,0.0
berbera,20091108,10.44,45.01,6.3293,26.38,2.44,2.79,55.6,0.0
berbera,20091109,10.44,45.01,6.3406,27.13,2.73,3.11,55.59,0.0
berbera,20091110,10.44,45.01,6.461,27.89,2.8,3.16,45.09,0.0
berbera,20091111,10.44,45.01,6.479,27.57,3.5,3.96,53.13,0.0
berbera,20091112,10.44,45.01,6.3931,27.6,3.1,3.54,53.93,0.0
berbera,20091113,10.44,45.01,6.4399,27.69,3.43,3.94,52.96,0.0
berbera,20091114,10.44,45.01,6.4409,27.11,4.38,5.08,57.2,0.0
berbera,20091115,10.44,45.01,6.4831,26.21,4.59,5.28,61.68,0.0
berbera,20091116,10.44,45.01,6.2676,25.67,4.8,5.58,68.02,0.0
berbera,20091117,10.44,45.01,6.2477,25.85,3.77,4.31,73.01,0.0
berbera,20091118,10.44,45.01,5.8337,25.97,3.72,4.15,73.44,0.0
berbera,20091119,10.44,45.01,6.2633,25.73,3.55,3.93,70.67,0.0
berbera,20091120,10.44,45.01,6.281,25.67,3.71,4.13,67.98,0.0
berbera,20091121,10.44,45.01,6.3391,25.43,4.07,4.62,67.04,0.0
berbera,20091122,10.44,45.01,6.3684,25.14,2.97,3.2,68.84,0.0
berbera,20091123,10.44,45.01,6.1466,25.95,4.14,4.69,73.34,0.0
berbera,20091124,10.44,45.01,6.1651,25.83,5.02,5.85,72.12,0.0
berbera,20091125,10.44,45.01,5.8958,25.4,4.63,5.31,71.89,0.0
berbera,20091126,10.44,45.01,5.5742,25.95,4.27,4.75,74.34,0.0
berbera,20091127,10.44,45.01,5.4386,26.59,4.6,5.12,77.13,0.34
berbera,20091128,10.44,45.01,5.5037,27.23,4.53,5.08,77.86,0.41
berbera,20091129,10.44,45.01,5.6086,26.9,4.08,4.51,78.38,0.57
berbera,20091130,10.44,45.01,5.6326,26.48,4.87,5.48,75.07,0.25
berbera,20091201,10.44,45.01,5.7418,26.32,4.98,5.57,75.68,0.17
berbera,20091202,10.44,45.01,5.3316,26.47,6.18,7.01,77.25,0.34
berbera,20091203,10.44,45.01,5.5975,26.35,6.31,7.1,76.59,0.15
berbera,20091204,10.44,45.01,5.3714,26.24,5.21,5.93,74.69,0.04
berbera,20091205,10.44,45.01,5.2445,25.8,4.9,5.67,74.34,0.0
berbera,20091206,10.44,45.01,5.5942,25.8,4.66,5.21,75.99,0.03
berbera,20091207,10.44,45.01,5.6599,26.21,4.48,4.87,75.21,0.0
berbera,20091208,10.44,45.01,5.4931,26.4,3.81,4.12,77.33,0.01
berbera,20091209,10.44,45.01,5.4382,26.14,3.23,3.52,77.72,0.07
berbera,20091210,10.44,45.01,5.6014,26.05,4.72,5.32,74.3,0.03
berbera,20091211,10.44,45.01,5.2757,25.8,4.56,5.04,76.18,0.01
berbera,20091212,10.44,45.01,5.5802,25.92,4.19,4.64,76.01,0.04
berbera,20091213,10.44,45.01,5.5855,25.55,3.26,3.6,76.44,0.32
berbera,20091214,10.44,45.01,5.7749,25.31,2.89,3.14,73.36,0.06
berbera,20091215,10.44,45.01,5.9558,25.02,3.45,3.87,75.17,0.01
berbera,20091216,10.44,45.01,5.6832,25.6,4.46,5.05,74.96,0.08
berbera,20091217,10.44,45.01,5.4571,26.13,5.0,5.65,76.87,0.03
berbera,20091218,10.44,45.01,5.3906,26.21,4.76,5.33,76.94,0.03
berbera,20091219,10.44,45.01,5.4946,25.94,4.55,5.2,73.95,0.01
berbera,20091220,10.44,45.01,5.6158,25.52,5.14,6.0,73.54,0.0
berbera,20091221,10.44,45.01,5.6201,25.17,4.85,5.61,70.96,0.0
berbera,20091222,10.44,45.01,5.9957,24.95,5.23,6.16,68.36,0.0
berbera,20091223,10.44,45.01,5.9088,24.92,4.8,5.62,71.18,0.0
berbera,20091224,10.44,45.01,5.6599,24.97,4.01,4.58,71.87,0.0
berbera,20091225,10.44,45.01,5.6371,24.89,3.5,3.97,71.31,0.0
berbera,20091226,10.44,45.01,5.5937,25.24,3.95,4.54,75.33,0.0
berbera,20091227,10.44,45.01,5.5474,25.41,4.22,4.88,70.01,0.12
berbera,20091228,10.44,45.01,4.4952,25.35,3.53,3.98,69.62,0.02
berbera,20091229,10.44,45.01,5.6717,25.2,4.39,5.02,69.12,0.0
berbera,20091230,10.44,45.01,5.903,24.89,4.82,5.55,66.82,0.0
berbera,20091231,10.44,45.01,5.6995,24.72,3.63,4.04,70.03,0.0
berbera,20100101,10.44,45.01,5.7648,24.51,2.45,2.63,67.29,0.0
berbera,20100102,10.44,45.01,5.9575,24.51,3.9,4.43,66.39,0.0
berbera,20100103,10.44,45.01,5.9093,24.03,5.89,6.93,66.33,0.0
berbera,20100104,10.44,45.01,6.0142,23.78,4.96,5.72,66.76,0.0
berbera,20100105,10.44,45.01,5.646,24.57,4.84,5.42,74.18,0.0
berbera,20100106,10.44,45.01,5.765,24.81,4.35,5.05,75.55,0.0
berbera,20100107,10.44,45.01,5.9306,24.47,5.23,6.14,69.72,0.0
berbera,20100108,10.44,45.01,6.1906,23.93,5.83,6.88,63.87,0.0
berbera,20100109,10.44,45.01,6.06,23.71,5.8,6.83,63.34,0.0
berbera,20100110,10.44,45.01,6.2626,23.07,5.0,5.78,60.41,0.0
berbera,20100111,10.44,45.01,6.4267,22.81,4.49,5.17,57.89,0.0
berbera,20100112,10.44,45.01,6.181,23.12,5.45,6.35,61.45,0.0
berbera,20100113,10.44,45.01,6.0538,23.24,6.11,7.08,66.78,0.0
berbera,20100114,10.44,45.01,5.382,23.8,5.23,6.1,72.99,0.0
berbera,20100115,10.44,45.01,5.3846,24.18,5.9,6.83,73.54,0.0
berbera,20100116,10.44,45.01,5.8762,24.23,5.45,6.39,71.89,0.0
berbera,20100117,10.44,45.01,6.0821,24.24,5.1,5.9,74.24,0.0
berbera,20100118,10.44,45.01,6.0427,24.44,4.93,5.61,74.96,0.0
berbera,20100119,10.44,45.01,5.8718,24.85,4.81,5.36,75.66,0.0
berbera,20100120,10.44,45.01,5.8464,25.39,4.35,4.93,77.22,0.0
berbera,20100121,10.44,45.01,5.2831,25.32,3.94,4.38,79.43,0.0
berbera,20100122,10.44,45.01,5.9093,25.19,3.28,3.67,76.67,0.0
berbera,20100123,10.44,45.01,5.821,24.77,4.38,5.02,75.1,0.0
berbera,20100124,10.44,45.01,6.3,24.04,4.27,4.9,71.62,0.0
berbera,20100125,10.44,45.01,5.9357,24.02,3.75,4.11,74.42,0.0
berbera,20100126,10.44,45.01,5.851,24.22,3.42,3.73,75.74,0.0
berbera,20100127,10.44,45.01,5.6969,24.45,4.25,4.77,75.16,0.0
berbera,20100128,10.44,45.01,6.3415,24.49,5.3,6.12,73.1,0.0
berbera,20100129,10.44,45.01,6.3132,24.89,5.39,6.11,76.39,0.0
berbera,20100130,10.44,45.01,5.8598,24.86,5.47,6.32,76.56,0.0
berbera,20100131,10.44,45.01,6.0389,24.63,4.39,5.08,72.09,0.0
berbera,20100201,10.44,45.01,6.2412,24.26,3.97,4.5,71.49,0.0
berbera,20100202,10.44,45.01,6.4214,24.2,4.38,4.93,72.75,0.0
berbera,20100203,10.44,45.01,6.3994,24.44,4.36,4.79,73.09,0.0
berbera,20100204,10.44,45.01,6.1978,25.62,4.4,4.86,69.45,0.0
berbera,20100205,10.44,45.01,6.0302,25.68,3.85,4.01,74.2,0.1
berbera,20100206,10.44,45.01,5.1079,26.13,4.05,4.35,76.05,1.46
berbera,20100207,10.44,45.01,5.6453,26.28,3.42,3.67,77.56,2.76
berbera,20100208,10.44,45.01,4.7246,25.59,3.59,3.93,82.34,2.92
berbera,20100209,10.44,45.01,4.847,25.53,5.81,6.68,86.03,13.73
berbera,20100210,10.44,45.01,5.1708,25.42,5.76,6.65,83.91,0.22
berbera,20100211,10.44,45.01,4.6121,25.75,5.91,6.85,82.24,0.37
berbera,20100212,10.44,45.01,4.4465,25.66,6.02,6.94,81.19,0.21
berbera,20100213,10.44,45.01,5.3698,25.29,5.84,6.74,73.57,0.01
berbera,20100214,10.44,45.01,6.4666,24.67,5.51,6.4,69.9,0.0
berbera,20100215,10.44,45.01,6.7332,24.41,5.44,6.36,71.28,0.0
berbera,20100216,10.44,45.01,6.4394,24.54,5.37,6.25,70.47,0.0
berbera,20100217,10.44,45.01,5.861,24.45,4.83,5.57,70.08,0.0
berbera,20100218,10.44,45.01,5.419,24.45,3.92,4.46,72.34,0.0
berbera,20100219,10.44,45.01,6.4949,24.53,3.94,4.47,70.81,0.0
berbera,20100220,10.44,45.01,6.761,24.56,3.45,3.84,68.62,0.0
berbera,20100221,10.44,45.01,7.0781,24.63,3.15,3.52,66.25,0.0
berbera,20100222,10.44,45.01,7.2002,24.36,3.27,3.71,65.49,0.0
berbera,20100223,10.44,45.01,7.2216,24.43,3.32,3.64,63.45,0.0
berbera,20100224,10.44,45.01,6.7229,26.0,3.5,4.01,63.5,0.0
berbera,20100225,10.44,45.01,6.3504,27.27,3.47,4.06,69.67,0.25
berbera,20100226,10.44,45.01,5.1881,27.53,2.8,3.22,73.82,4.26
berbera,20100227,10.44,45.01,3.137,25.98,2.75,2.96,84.74,8.79
berbera,20100228,10.44,45.01,3.9713,25.93,2.69,3.07,80.59,6.33
berbera,20100301,10.44,45.01,4.8499,26.61,3.05,3.31,78.02,0.71
berbera,20100302,10.44,45.01,5.3647,26.83,2.41,2.69,80.63,4.97
berbera,20100303,10.44,45.01,2.8531,26.2,2.42,2.51,80.81,3.71
berbera,20100304,10.44,45.01,5.7214,26.86,2.63,2.93,77.43,3.61
berbera,20100305,10.44,45.01,3.9804,26.74,3.1,3.54,78.15,3.56
berbera,20100306,10.44,45.01,5.9707,26.61,4.31,4.88,80.3,1.34
berbera,20100307,10.44,45.01,6.1483,26.47,4.54,5.24,76.83,2.3
berbera,20100308,10.44,45.01,6.5758,26.07,3.54,4.01,71.03,0.05
berbera,20100309,10.44,45.01,6.8952,25.51,3.28,3.76,62.4,0.0
berbera,20100310,10.44,45.01,7.1182,25.17,3.42,3.93,63.74,0.0
berbera,20100311,10.44,45.01,7.2218,24.74,4.01,4.61,67.72,0.02
berbera,20100312,10.44,45.01,7.357,24.43,4.17,4.69,72.14,0.0
berbera,20100313,10.44,45.01,6.8575,25.4,3.74,4.25,76.08,0.0
berbera,20100314,10.44,45.01,7.1664,25.86,3.66,4.13,74.29,0.0
berbera,20100315,10.44,45.01,7.1191,26.68,3.59,4.1,69.26,0.0
berbera,20100316,10.44,45.01,6.961,27.36,3.71,4.37,71.1,0.0
berbera,20100317,10.44,45.01,6.6974,27.81,3.7,4.43,73.06,0.26
berbera,20100318,10.44,45.01,7.1318,27.79,3.91,4.65,71.25,0.09
berbera,20100319,10.44,45.01,7.0147,27.39,3.6,4.1,72.42,0.31
berbera,20100320,10.44,45.01,6.9197,27.03,3.38,3.78,73.79,0.15
berbera,20100321,10.44,45.01,7.2612,26.85,2.79,3.02,74.3,0.14
berbera,20100322,10.44,45.01,7.5382,26.26,3.39,3.85,69.97,0.63
berbera,20100323,10.44,45.01,7.555,26.45,3.15,3.52,63.76,0.0
berbera,20100324,10.44,45.01,7.4414,26.88,2.92,3.26,69.99,0.12
berbera,20100325,10.44,45.01,7.3322,28.05,3.03,3.52,68.02,0.36
berbera,20100326,10.44,45.01,7.2211,28.94,2.85,3.49,63.1,0.0
berbera,20100327,10.44,45.01,7.2802,28.52,3.28,3.82,62.25,0.0
berbera,20100328,10.44,45.01,6.9614,27.94,2.58,2.65,72.4,0.0
berbera,20100329,10.44,45.01,6.5844,27.98,3.03,3.17,74.38,0.01
berbera,20100330,10.44,45.01,6.3835,27.65,3.06,3.14,76.86,0.0
berbera,20100331,10.44,45.01,7.0246,27.6,2.74,2.84,74.7,0.01
berbera,20100401,10.44,45.01,7.0471,27.88,3.84,4.12,76.57,5.66
berbera,20100402,10.44,45.01,7.0464,28.53,4.51,5.1,72.47,0.27
berbera,20100403,10.44,45.01,7.0982,28.4,4.37,4.97,73.54,2.15
berbera,20100404,10.44,45.01,7.1923,28.07,4.25,4.81,72.25,0.17
berbera,20100405,10.44,45.01,7.5444,28.32,4.66,5.47,61.28,0.0
berbera,20100406,10.44,45.01,7.5914,29.22,5.14,6.25,57.65,0.0
berbera,20100407,10.44,45.01,7.4911,29.03,4.88,5.84,56.99,0.0
berbera,20100408,10.44,45.01,7.392,29.02,4.91,5.92,59.55,0.0
berbera,20100409,10.44,45.01,7.259,29.53,4.87,5.87,59.7,0.0
berbera,20100410,10.44,45.01,7.2454,29.96,3.97,4.73,61.22,0.0
berbera,20100411,10.44,45.01,6.8124,30.07,3.5,4.13,65.83,1.16
berbera,20100412,10.44,45.01,6.78,30.08,3.55,4.29,68.65,2.43
berbera,20100413,10.44,45.01,6.3826,30.21,3.3,4.52,66.94,2.45
berbera,20100414,10.44,45.01,6.4313,30.03,3.1,4.03,68.06,3.03
berbera,20100415,10.44,45.01,4.8043,29.55,2.76,3.4,71.0,2.59
berbera,20100416,10.44,45.01,6.6598,29.31,3.17,3.6,70.5,0.45
berbera,20100417,10.44,45.01,6.57,29.87,2.63,3.22,69.46,0.99
berbera,20100418,10.44,45.01,7.0109,29.78,3.03,3.5,68.38,0.01
berbera,20100419,10.44,45.01,7.2319,29.9,2.91,3.33,65.76,0.06
berbera,20100420,10.44,45.01,7.1196,30.66,3.08,3.75,63.17,0.57
berbera,20100421,10.44,45.01,6.9274,31.07,3.09,3.72,64.22,1.41
berbera,20100422,10.44,45.01,6.6482,30.86,2.67,3.22,67.33,3.95
berbera,20100423,10.44,45.01,6.7481,30.44,3.02,3.57,70.95,3.51
berbera,20100424,10.44,45.01,4.7321,29.13,1.89,2.09,75.76,5.29
berbera,20100425,10.44,45.01,6.3326,30.1,2.15,2.29,70.17,2.46
berbera,20100426,10.44,45.01,4.3685,30.24,2.95,3.4,69.23,1.77
berbera,20100427,10.44,45.01,6.3365,30.43,3.57,4.19,70.17,1.39
berbera,20100428,10.44,45.01,6.4229,29.67,3.75,4.39,73.92,0.51
berbera,20100429,10.44,45.01,7.0207,30.14,3.55,4.18,68.75,1.07
berbera,20100430,10.44,45.01,7.1119,30.65,3.63,4.5,68.51,1.77
berbera,20100501,10.44,45.01,6.8904,30.49,3.96,5.02,67.24,0.04
berbera,20100502,10.44,45.01,7.0282,30.71,4.04,4.97,66.4,0.01
berbera,20100503,10.44,45.01,7.2564,30.61,3.41,4.05,65.34,0.02
berbera,20100504,10.44,45.01,6.5508,30.58,2.96,3.56,68.65,0.08
berbera,20100505,10.44,45.01,7.0178,30.61,3.87,4.85,69.6,0.16
berbera,20100506,10.44,45.01,6.6859,30.37,3.08,3.68,70.85,1.77
berbera,20100507,10.44,45.01,6.4711,29.88,1.96,2.53,74.15,2.06
berbera,20100508,10.44,45.01,6.3996,29.89,2.31,2.71,71.35,2.2
berbera,20100509,10.44,45.01,5.9222,29.99,2.29,2.54,72.89,2.24
berbera,20100510,10.44,45.01,6.3026,30.12,2.5,2.9,70.81,2.54
berbera,20100511,10.44,45.01,6.6494,30.27,2.77,3.12,69.69,0.07
berbera,20100512,10.44,45.01,6.887,30.49,3.13,3.37,70.92,0.05
berbera,20100513,10.44,45.01,6.773,31.1,3.34,3.83,66.76,0.17
berbera,20100514,10.44,45.01,7.0414,31.22,3.98,4.52,65.94,0.2
berbera,20100515,10.44,45.01,7.0068,31.64,4.1,4.8,62.97,0.05
berbera,20100516,10.44,45.01,7.32,31.75,4.4,5.09,61.21,0.05
berbera,20100517,10.44,45.01,7.1914,31.94,3.58,4.03,56.79,0.02
berbera,20100518,10.44,45.01,6.4109,32.03,3.4,3.78,58.89,0.08
berbera,20100519,10.44,45.01,6.4982,31.39,2.88,3.07,65.68,0.05
berbera,20100520,10.44,45.01,6.2916,31.35,2.71,2.97,65.31,0.01
berbera,20100521,10.44,45.01,6.6838,32.5,3.64,4.21,60.96,0.39
berbera,20100522,10.44,45.01,6.8014,32.15,3.35,3.71,58.83,0.67
berbera,20100523,10.44,45.01,3.1025,31.52,3.3,3.67,63.25,1.91
berbera,20100524,10.44,45.01,5.4691,31.5,2.92,3.23,61.33,3.01
berbera,20100525,10.44,45.01,5.4744,30.82,2.13,2.52,64.74,2.88
berbera,20100526,10.44,45.01,6.611,31.64,4.21,4.95,61.71,0.52
berbera,20100527,10.44,45.01,6.6266,31.93,4.1,4.68,62.47,0.19
berbera,20100528,10.44,45.01,6.7759,32.59,3.77,4.41,59.94,0.2
berbera,20100529,10.44,45.01,6.6281,33.06,4.04,4.89,56.94,0.03
berbera,20100530,10.44,45.01,6.7668,33.47,6.13,7.58,55.56,0.01
berbera,20100531,10.44,45.01,6.961,33.2,6.41,7.78,53.84,0.53
berbera,20100601,10.44,45.01,7.0908,32.28,5.91,6.77,55.49,0.67
berbera,20100602,10.44,45.01,6.8578,32.51,6.29,7.65,51.79,0.0
berbera,20100603,10.44,45.01,6.1646,33.62,5.95,7.36,53.61,0.0
berbera,20100604,10.44,45.01,6.3761,33.99,6.55,8.12,53.67,0.28
berbera,20100605,10.44,45.01,6.857,33.92,7.05,8.75,52.45,0.0
berbera,20100606,10.44,45.01,6.9703,33.89,7.43,9.24,52.8,0.0
berbera,20100607,10.44,45.01,6.8882,33.74,8.08,9.96,50.9,0.0
berbera,20100608,10.44,45.01,6.7459,33.76,8.0,9.87,50.91,0.01
berbera,20100609,10.44,45.01,6.791,33.78,6.92,8.47,52.86,0.0
berbera,20100610,10.44,45.01,6.557,33.53,6.81,8.45,51.32,0.0
berbera,20100611,10.44,45.01,6.4378,33.1,6.54,7.91,53.18,0.02
berbera,20100612,10.44,45.01,6.3463,32.96,6.78,8.11,52.55,0.05
berbera,20100613,10.44,45.01,6.0528,33.23,7.58,9.09,51.39,0.18
berbera,20100614,10.44,45.01,5.4526,32.86,7.49,8.87,50.88,0.07
berbera,20100615,10.44,45.01,6.2501,33.21,6.67,8.32,51.44,0.0
berbera,20100616,10.44,45.01,6.5189,33.02,7.86,9.53,48.43,0.0
berbera,20100617,10.44,45.01,6.7087,33.41,8.5,10.58,50.54,0.0
berbera,20100618,10.44,45.01,6.6374,33.48,9.0,11.11,47.71,0.0
berbera,20100619,10.44,45.01,6.7025,33.65,8.76,10.82,48.05,0.0
berbera,20100620,10.44,45.01,6.1954,33.31,6.88,8.73,50.34,0.0
berbera,20100621,10.44,45.01,5.9635,33.11,8.04,9.92,51.43,0.0
berbera,20100622,10.44,45.01,5.9839,33.17,7.47,9.04,51.2,0.01
berbera,20100623,10.44,45.01,6.9732,33.01,8.37,10.19,50.29,0.04
berbera,20100624,10.44,45.01,6.7445,32.78,7.75,9.48,51.09,0.03
berbera,20100625,10.44,45.01,6.6547,32.97,7.68,9.47,49.72,0.47
berbera,20100626,10.44,45.01,6.6821,32.5,6.77,8.38,52.84,4.09
berbera,20100627,10.44,45.01,5.8147,31.92,7.96,9.87,54.04,1.36
berbera,20100628,10.44,45.01,6.1058,31.31,9.53,11.99,57.32,10.03
berbera,20100629,10.44,45.01,6.2405,31.34,7.28,9.27,57.47,6.29
berbera,20100630,10.44,45.01,6.2424,31.5,7.95,10.05,57.26,0.08
berbera,20100701,10.44,45.01,6.2983,32.15,7.75,9.73,52.47,0.01
berbera,20100702,10.44,45.01,6.6655,32.24,8.5,10.62,53.06,0.0
berbera,20100703,10.44,45.01,6.594,32.04,8.14,10.05,52.95,0.06
berbera,20100704,10.44,45.01,6.3552,31.54,8.59,10.56,52.26,0.0
berbera,20100705,10.44,45.01,5.8133,31.84,9.65,11.91,49.33,0.0
berbera,20100706,10.44,45.01,6.2762,31.6,8.95,11.18,52.7,0.0
berbera,20100707,10.44,45.01,5.0818,31.05,8.35,10.23,55.56,0.0
berbera,20100708,10.44,45.01,6.343,31.32,11.42,13.93,52.54,0.0
berbera,20100709,10.44,45.01,6.2686,31.62,10.55,12.96,51.17,0.0
berbera,20100710,10.44,45.01,6.3533,31.35,9.45,11.58,51.43,0.04
berbera,20100711,10.44,45.01,6.0146,31.22,8.21,10.2,54.19,0.05
berbera,20100712,10.44,45.01,6.257,31.26,10.06,12.6,53.78,0.07
berbera,20100713,10.44,45.01,6.4195,32.0,7.98,9.95,52.51,0.06
berbera,20100714,10.44,45.01,5.6762,30.78,10.13,12.5,52.21,0.14
berbera,20100715,10.44,45.01,6.3583,30.33,7.8,9.71,60.03,10.37
berbera,20100716,10.44,45.01,6.9794,30.93,6.84,8.49,57.59,0.26
berbera,20100717,10.44,45.01,6.5962,31.33,6.86,8.74,59.27,0.43
berbera,20100718,10.44,45.01,6.1543,31.81,8.72,11.01,54.3,0.23
berbera,20100719,10.44,45.01,5.6162,31.46,11.72,14.71,52.57,0.98
berbera,20100720,10.44,45.01,3.8556,30.77,8.09,10.29,59.36,0.96
berbera,20100721,10.44,45.01,4.8168,30.81,9.34,11.81,57.16,0.15
berbera,20100722,10.44,45.01,5.412,30.96,11.13,13.7,51.77,0.0
berbera,20100723,10.44,45.01,5.8315,31.26,8.73,10.93,53.04,0.08
berbera,20100724,10.44,45.01,2.5363,29.38,10.09,12.3,61.45,1.6
berbera,20100725,10.44,45.01,4.9956,30.54,9.8,12.21,56.81,0.21
berbera,20100726,10.44,45.01,5.1934,30.56,8.78,11.08,56.1,0.24
berbera,20100727,10.44,45.01,6.1063,31.21,8.37,10.89,54.47,0.09
berbera,20100728,10.44,45.01,6.3178,31.22,8.07,10.56,53.33,0.03
berbera,20100729,10.44,45.01,6.3576,31.5,7.85,10.07,50.21,0.02
berbera,20100730,10.44,45.01,6.5918,31.6,7.41,9.43,52.61,0.22
berbera,20100731,10.44,45.01,6.1231,31.46,7.03,8.91,53.91,0.17
berbera,20100801,10.44,45.01,6.3307,31.67,7.8,9.86,51.16,0.07
berbera,20100802,10.44,45.01,6.7877,31.71,8.4,10.65,50.52,0.09
berbera,20100803,10.44,45.01,6.8818,32.31,9.31,11.9,48.03,0.03
berbera,20100804,10.44,45.01,6.1625,32.0,8.34,10.72,51.02,0.0
berbera,20100805,10.44,45.01,3.3154,31.29,8.83,11.54,53.17,0.0
berbera,20100806,10.44,45.01,6.5179,32.07,7.41,9.58,50.78,0.0
berbera,20100807,10.44,45.01,6.8844,32.25,8.05,10.26,50.44,0.0
berbera,20100808,10.44,45.01,6.859,32.69,8.81,11.05,45.48,0.0
berbera,20100809,10.44,45.01,6.9446,32.64,9.93,12.28,45.18,0.04
berbera,20100810,10.44,45.01,6.8347,32.62,9.14,11.52,47.95,0.06
berbera,20100811,10.44,45.01,6.9979,32.58,7.82,10.04,47.8,0.02
berbera,20100812,10.44,45.01,6.7591,32.54,7.91,10.1,47.87,0.04
berbera,20100813,10.44,45.01,5.7636,31.83,7.69,9.99,51.76,0.08
berbera,20100814,10.44,45.01,6.3665,31.04,9.24,11.57,53.93,1.02
berbera,20100815,10.44,45.01,6.6504,31.32,7.9,9.89,54.12,0.55
berbera,20100816,10.44,45.01,6.8059,31.71,7.78,9.63,52.1,0.77
berbera,20100817,10.44,45.01,6.2318,31.27,7.85,9.72,54.43,1.14
berbera,20100818,10.44,45.01,6.6737,31.96,8.59,10.66,49.32,0.01
berbera,20100819,10.44,45.01,6.8383,32.11,8.2,10.13,49.41,0.15
berbera,20100820,10.44,45.01,6.7224,32.49,6.78,8.55,51.34,0.43
berbera,20100821,10.44,45.01,6.557,31.92,7.94,9.92,54.77,0.71
berbera,20100822,10.44,45.01,3.623,30.93,8.83,11.02,52.65,0.11
berbera,20100823,10.44,45.01,6.7236,31.93,8.79,10.91,50.8,0.28
berbera,20100824,10.44,45.01,7.0925,32.17,7.43,9.33,51.09,0.11
berbera,20100825,10.44,45.01,4.6051,30.57,7.71,9.34,58.96,1.5
berbera,20100826,10.44,45.01,4.0973,30.41,10.01,12.46,54.49,0.25
berbera,20100827,10.44,45.01,6.5592,31.29,8.59,10.62,53.38,0.24
berbera,20100828,10.44,45.01,6.427,31.28,6.31,7.97,57.12,0.58
berbera,20100829,10.44,45.01,6.4279,30.96,8.14,10.05,56.9,4.36
berbera,20100830,10.44,45.01,6.8796,31.24,8.19,10.15,53.37,0.5
berbera,20100831,10.44,45.01,6.4884,31.35,7.84,9.71,52.51,0.46
berbera,20100901,10.44,45.01,6.7385,31.28,7.65,9.48,51.61,0.74
berbera,20100902,10.44,45.01,6.9031,30.94,6.6,8.22,54.82,1.27
berbera,20100903,10.44,45.01,6.8443,31.51,5.23,6.88,55.92,0.01
berbera,20100904,10.44,45.01,6.7361,32.33,5.61,7.21,53.67,0.0
berbera,20100905,10.44,45.01,6.8436,32.7,6.09,7.83,52.76,0.01
berbera,20100906,10.44,45.01,6.8266,32.87,6.38,8.16,51.6,0.01
berbera,20100907,10.44,45.01,6.7663,32.78,6.78,8.34,47.44,0.0
berbera,20100908,10.44,45.01,6.9038,32.76,5.62,6.93,48.24,0.0
berbera,20100909,10.44,45.01,6.7411,33.02,5.68,7.34,49.4,0.0
berbera,20100910,10.44,45.01,6.5482,32.87,6.62,8.38,49.55,0.0
berbera,20100911,10.44,45.01,5.8478,32.83,7.12,8.81,52.77,0.02
berbera,20100912,10.44,45.01,6.3768,32.82,6.55,8.09,51.31,0.06
berbera,20100913,10.44,45.01,6.9079,32.58,6.24,7.58,51.88,1.09
berbera,20100914,10.44,45.01,6.7039,32.76,5.89,7.28,50.82,0.1
berbera,20100915,10.44,45.01,6.5578,31.87,5.25,6.63,55.64,2.64
berbera,20100916,10.44,45.01,6.6497,31.46,4.91,6.03,56.97,0.55
berbera,20100917,10.44,45.01,6.775,31.57,4.09,4.9,57.09,0.21
berbera,20100918,10.44,45.01,6.6845,32.16,4.67,5.68,53.28,0.09
berbera,20100919,10.44,45.01,6.7747,32.32,4.75,5.71,54.75,0.07
berbera,20100920,10.44,45.01,6.7301,31.87,4.17,4.82,57.1,0.04
berbera,20100921,10.44,45.01,6.7908,31.78,3.95,4.51,57.47,0.04
berbera,20100922,10.44,45.01,6.4769,30.81,3.25,3.55,64.18,0.19
berbera,20100923,10.44,45.01,6.1373,30.08,3.31,3.52,66.43,0.06
berbera,20100924,10.44,45.01,6.7594,30.2,2.97,3.14,61.59,0.02
berbera,20100925,10.44,45.01,6.8664,30.45,2.88,3.07,60.85,0.06
berbera,20100926,10.44,45.01,6.9629,30.88,2.85,3.05,56.44,0.03
berbera,20100927,10.44,45.01,6.9458,30.31,2.88,3.08,59.28,0.04
berbera,20100928,10.44,45.01,6.6156,30.14,3.37,3.63,60.2,0.26
berbera,20100929,10.44,45.01,6.559,30.34,3.14,3.36,62.27,1.4
berbera,20100930,10.44,45.01,6.7447,30.05,2.5,2.73,59.37,0.4
berbera,20101001,10.44,45.01,6.9643,30.05,3.18,3.55,57.99,0.1
berbera,20101002,10.44,45.01,6.8316,29.64,3.26,3.55,64.43,0.44
berbera,20101003,10.44,45.01,6.0072,29.32,2.96,3.12,68.14,0.13
berbera,20101004,10.44,45.01,6.5647,29.41,2.26,2.39,65.7,0.08
berbera,20101005,10.44,45.01,6.773,29.68,3.31,3.64,66.98,0.0
berbera,20101006,10.44,45.01,6.8822,29.61,2.67,2.85,62.69,0.01
berbera,20101007,10.44,45.01,6.7512,31.13,2.6,2.91,54.44,0.0
berbera,20101008,10.44,45.01,6.6636,31.56,2.93,3.36,51.04,0.0
berbera,20101009,10.44,45.01,6.8028,31.63,2.41,2.69,43.63,0.0
berbera,20101010,10.44,45.01,6.8196,30.47,2.11,2.32,55.02,0.0
berbera,20101011,10.44,45.01,6.7272,30.49,2.43,2.72,50.61,0.0
berbera,20101012,10.44,45.01,6.8722,30.8,2.75,3.09,48.56,0.0
berbera,20101013,10.44,45.01,6.7776,30.01,3.91,4.44,59.38,0.07
berbera,20101014,10.44,45.01,6.6406,29.17,3.24,3.5,64.84,0.32
berbera,20101015,10.44,45.01,6.3886,29.44,3.33,3.63,63.7,0.24
berbera,20101016,10.44,45.01,6.5306,29.36,2.63,2.79,61.67,0.02
berbera,20101017,10.44,45.01,6.7452,29.76,2.81,3.12,57.78,0.0
berbera,20101018,10.44,45.01,6.5633,30.1,3.19,3.64,52.97,0.0
berbera,20101019,10.44,45.01,6.4195,29.4,3.68,4.12,57.87,0.0
berbera,20101020,10.44,45.01,6.5899,29.12,3.35,3.72,59.85,0.0
berbera,20101021,10.44,45.01,6.1702,29.01,3.35,3.67,66.51,0.02
berbera,20101022,10.44,45.01,6.6053,28.58,2.29,2.43,66.18,0.04
berbera,20101023,10.44,45.01,6.5191,29.2,2.54,2.85,60.47,0.04
berbera,20101024,10.44,45.01,6.3828,30.16,3.13,3.53,57.72,0.03
berbera,20101025,10.44,45.01,6.3348,29.54,2.69,2.94,62.66,0.25
berbera,20101026,10.44,45.01,6.6259,28.91,3.6,4.06,60.49,0.26
berbera,20101027,10.44,45.01,6.6994,28.16,4.19,4.68,58.29,0.0
berbera,20101028,10.44,45.01,6.6014,27.57,4.3,4.8,65.58,0.01
berbera,20101029,10.44,45.01,6.7152,27.4,4.26,4.78,64.47,0.0
berbera,20101030,10.44,45.01,6.8254,27.43,3.97,4.51,59.46,0.0
berbera,20101031,10.44,45.01,6.7181,26.91,3.78,4.26,64.21,0.11
berbera,20101101,10.44,45.01,6.6214,26.58,3.62,4.07,68.17,0.01
berbera,20101102,10.44,45.01,6.5251,26.79,3.76,4.21,69.32,0.0
berbera,20101103,10.44,45.01,6.3778,27.02,4.1,4.61,69.58,0.0
berbera,20101104,10.44,45.01,6.4522,26.61,4.0,4.53,65.66,0.0
berbera,20101105,10.44,45.01,6.3178,26.87,3.3,3.7,60.22,0.0
berbera,20101106,10.44,45.01,6.253,27.16,3.47,3.93,59.48,0.0
berbera,20101107,10.44,45.01,6.427,27.31,4.06,4.66,59.12,0.0
berbera,20101108,10.44,45.01,6.4824,27.12,4.02,4.56,56.63,0.0
berbera,20101109,10.44,45.01,6.5239,26.79,4.46,5.12,60.35,0.0
berbera,20101110,10.44,45.01,6.1373,26.72,4.37,4.93,70.1,0.0
berbera,20101111,10.44,45.01,6.0029,26.95,3.8,4.22,71.91,0.0
berbera,20101112,10.44,45.01,5.9556,27.48,4.25,4.76,67.05,0.0
berbera,20101113,10.44,45.01,6.2054,27.66,3.97,4.48,66.03,0.0
berbera,20101114,10.44,45.01,6.3086,27.41,3.4,3.79,63.88,0.0
berbera,20101115,10.44,45.01,6.2858,27.32,4.2,4.78,58.94,0.0
berbera,20101116,10.44,45.01,6.3439,26.57,4.81,5.57,56.28,0.0
berbera,20101117,10.44,45.01,6.3269,26.25,4.92,5.73,56.41,0.0
berbera,20101118,10.44,45.01,5.8649,26.37,4.51,5.19,73.22,0.17
berbera,20101119,10.44,45.01,5.383,26.73,4.77,5.41,72.1,0.49
berbera,20101120,10.44,45.01,6.1018,26.84,3.79,4.23,62.68,0.0
berbera,20101121,10.44,45.01,6.2503,26.51,3.74,4.18,59.12,0.0
berbera,20101122,10.44,45.01,6.269,26.74,3.92,4.39,58.29,0.0
berbera,20101123,10.44,45.01,6.0744,27.02,3.98,4.38,63.42,0.0
berbera,20101124,10.44,45.01,5.9076,26.89,4.4,4.93,63.82,0.0
berbera,20101125,10.44,45.01,5.9357,26.38,5.14,5.88,64.78,0.0
berbera,20101126,10.44,45.01,6.2227,25.26,5.61,6.53,60.66,0.0
berbera,20101127,10.44,45.01,6.2494,24.84,4.67,5.38,61.24,0.0
berbera,20101128,10.44,45.01,5.9568,24.89,4.23,4.86,66.0,0.0
berbera,20101129,10.44,45.01,6.1188,24.69,4.57,5.27,63.85,0.0
berbera,20101130,10.44,45.01,6.3346,24.49,4.81,5.61,57.9,0.0
berbera,20101201,10.44,45.01,6.2604,24.28,4.57,5.33,63.1,0.0
berbera,20101202,10.44,45.01,6.1066,24.36,4.07,4.71,65.36,0.0
berbera,20101203,10.44,45.01,6.085,24.31,4.36,5.03,64.56,0.0
berbera,20101204,10.44,45.01,6.0979,24.15,3.4,3.86,61.51,0.0
berbera,20101205,10.44,45.01,6.0593,24.02,4.43,5.17,60.35,0.0
berbera,20101206,10.44,45.01,6.113,23.92,4.53,5.29,63.57,0.0
berbera,20101207,10.44,45.01,5.861,24.12,4.82,5.62,69.54,0.0
berbera,20101208,10.44,45.01,5.9309,24.35,4.53,5.25,69.33,0.0
berbera,20101209,10.44,45.01,5.9071,24.28,4.21,4.84,69.67,0.0
berbera,20101210,10.44,45.01,5.9148,24.21,3.85,4.28,72.15,0.0
berbera,20101211,10.44,45.01,5.7182,24.59,3.86,4.23,72.27,0.0
berbera,20101212,10.44,45.01,5.5044,24.82,3.69,4.05,72.69,0.0
berbera,20101213,10.44,45.01,5.5162,25.05,3.63,3.93,76.41,0.0
berbera,20101214,10.44,45.01,5.539,24.68,2.83,3.08,74.29,0.0
berbera,20101215,10.44,45.01,5.916,24.54,4.07,4.68,68.46,0.0
berbera,20101216,10.44,45.01,5.6686,24.15,4.62,5.39,63.31,0.0
berbera,20101217,10.44,45.01,5.8183,23.26,4.56,5.27,62.99,0.01
berbera,20101218,10.44,45.01,5.6062,23.4,4.29,4.93,68.21,0.04
berbera,20101219,10.44,45.01,4.9262,23.85,4.06,4.65,72.46,0.11
berbera,20101220,10.44,45.01,4.9138,24.36,6.29,7.18,77.3,0.15
berbera,20101221,10.44,45.01,5.2452,24.66,5.86,6.74,73.27,0.11
berbera,20101222,10.44,45.01,5.9258,24.13,4.96,5.8,71.15,0.0
berbera,20101223,10.44,45.01,5.9371,23.74,4.03,4.61,70.27,0.0
berbera,20101224,10.44,45.01,5.929,23.67,3.71,4.18,72.96,0.0
berbera,20101225,10.44,45.01,5.3626,23.86,3.91,4.45,73.7,0.0
berbera,20101226,10.44,45.01,5.1874,24.0,4.3,4.93,72.89,0.0
berbera,20101227,10.44,45.01,5.1732,24.24,4.98,5.74,69.35,0.01
berbera,20101228,10.44,45.01,5.6537,24.53,5.07,5.81,63.4,0.0
berbera,20101229,10.44,45.01,5.6647,24.31,6.07,7.06,66.21,0.0
berbera,20101230,10.44,45.01,5.7449,23.64,5.79,6.76,67.89,0.0
berbera,20101231,10.44,45.01,5.7533,23.74,4.4,5.08,71.56,0.02
berbera,20110101,10.44,45.01,5.7046,23.79,4.34,4.99,72.8,0.0
berbera,20110102,10.44,45.01,5.8891,23.64,5.06,5.85,74.08,0.0
berbera,20110103,10.44,45.01,6.1094,23.33,5.11,5.93,68.01,0.0
berbera,20110104,10.44,45.01,6.1301,22.83,4.9,5.64,67.62,0.0
berbera,20110105,10.44,45.01,6.1757,22.59,4.2,4.76,66.87,0.0
berbera,20110106,10.44,45.01,5.8572,22.4,4.29,4.9,70.15,0.01
berbera,20110107,10.44,45.01,6.1538,22.4,3.64,4.1,70.62,0.01
berbera,20110108,10.44,45.01,5.7672,22.97,3.44,3.84,74.83,0.1
berbera,20110109,10.44,45.01,5.5745,23.58,3.51,3.89,77.31,0.06
berbera,20110110,10.44,45.01,5.8853,23.34,2.51,2.67,77.64,0.04
berbera,20110111,10.44,45.01,6.0228,23.3,3.59,4.03,72.58,0.0
berbera,20110112,10.44,45.01,6.191,23.12,4.65,5.4,72.79,0.0
berbera,20110113,10.44,45.01,5.2265,23.79,5.35,6.2,73.1,0.0
berbera,20110114,10.44,45.01,5.6638,23.75,4.65,5.3,74.2,0.0
berbera,20110115,10.44,45.01,5.6194,24.14,4.82,5.37,74.9,0.0
berbera,20110116,10.44,45.01,6.0156,24.28,3.95,4.37,74.7,0.0
berbera,20110117,10.44,45.01,5.676,24.23,4.15,4.65,76.05,0.0
berbera,20110118,10.44,45.01,5.7094,24.01,4.96,5.5,75.87,0.0
berbera,20110119,10.44,45.01,5.629,24.22,4.0,4.41,73.14,0.0
berbera,20110120,10.44,45.01,5.8802,24.49,4.66,5.12,75.81,0.0
berbera,20110121,10.44,45.01,5.6844,24.58,4.97,5.52,76.14,0.0
berbera,20110122,10.44,45.01,5.5716,24.55,5.12,5.67,75.8,0.0
berbera,20110123,10.44,45.01,4.9625,24.35,5.49,6.2,75.74,0.0
berbera,20110124,10.44,45.01,5.7818,24.09,6.43,7.29,73.88,0.0
berbera,20110125,10.44,45.01,6.1754,24.04,6.14,6.92,73.21,0.0
berbera,20110126,10.44,45.01,5.9441,24.16,6.14,6.9,75.73,0.0
berbera,20110127,10.44,45.01,6.0434,24.16,5.83,6.55,77.27,0.0
berbera,20110128,10.44,45.01,6.1558,24.3,4.82,5.44,77.46,0.0
berbera,20110129,10.44,45.01,6.2736,24.17,3.61,4.07,76.91,0.0
berbera,20110130,10.44,45.01,5.7324,24.47,4.35,4.73,77.29,0.0
berbera,20110131,10.44,45.01,5.8174,24.71,4.57,5.05,75.15,0.01
berbera,20110201,10.44,45.01,6.582,24.92,3.92,4.42,69.91,0.0
berbera,20110202,10.44,45.01,6.4109,24.74,3.22,3.42,72.92,0.0
berbera,20110203,10.44,45.01,6.1778,24.09,2.39,2.54,76.17,0.0
berbera,20110204,10.44,45.01,6.5244,24.09,3.7,4.15,72.96,0.0
berbera,20110205,10.44,45.01,6.6542,23.6,3.83,4.31,73.91,0.0
berbera,20110206,10.44,45.01,6.5578,24.05,3.51,3.92,73.92,0.0
berbera,20110207,10.44,45.01,6.7517,23.84,3.68,4.07,69.53,0.0
berbera,20110208,10.44,45.01,6.7051,23.64,3.51,3.85,71.3,0.0
berbera,20110209,10.44,45.01,6.9154,24.36,3.33,3.55,70.23,0.0
berbera,20110210,10.44,45.01,6.7966,24.0,2.97,3.22,69.84,0.0
berbera,20110211,10.44,45.01,6.6415,24.35,2.82,3.0,67.93,0.0
berbera,20110212,10.44,45.01,6.2299,24.34,2.66,2.88,74.17,0.0
berbera,20110213,10.44,45.01,5.4324,24.49,2.96,3.15,77.86,0.0
berbera,20110214,10.44,45.01,5.6974,24.58,3.7,3.96,76.05,0.0
berbera,20110215,10.44,45.01,4.5506,24.64,4.08,4.49,76.7,0.42
berbera,20110216,10.44,45.01,5.4336,24.75,4.47,5.02,77.18,0.61
berbera,20110217,10.44,45.01,6.1596,24.67,3.5,3.89,76.35,0.19
berbera,20110218,10.44,45.01,6.8698,24.44,3.6,4.04,72.55,0.0
berbera,20110219,10.44,45.01,6.8558,24.4,4.65,5.29,71.87,0.0
berbera,20110220,10.44,45.01,6.7267,24.56,4.82,5.37,73.58,0.0
berbera,20110221,10.44,45.01,6.3132,24.76,4.65,5.1,75.18,0.0
berbera,20110222,10.44,45.01,6.4406,24.76,4.58,5.18,75.93,0.0
berbera,20110223,10.44,45.01,6.5352,24.96,4.85,5.41,72.4,0.0
berbera,20110224,10.44,45.01,6.7891,24.74,4.35,4.87,74.36,0.0
berbera,20110225,10.44,45.01,6.9317,24.5,4.22,4.7,71.8,0.0
berbera,20110226,10.44,45.01,6.7354,24.62,4.49,5.03,74.31,0.0
berbera,20110227,10.44,45.01,6.0158,24.71,4.61,5.08,76.0,0.0
berbera,20110228,10.44,45.01,6.774,24.79,3.97,4.41,77.33,0.0
berbera,20110301,10.44,45.01,7.0836,25.05,3.53,3.74,74.82,0.0
berbera,20110302,10.44,45.01,7.0474,24.93,3.11,3.27,72.69,0.02
berbera,20110303,10.44,45.01,7.2307,24.84,3.74,4.03,72.82,0.02
berbera,20110304,10.44,45.01,6.7464,25.4,4.87,5.41,73.9,0.0
berbera,20110305,10.44,45.01,6.7651,25.96,5.25,5.92,71.92,0.05
berbera,20110306,10.44,45.01,6.9823,26.12,5.86,6.68,68.15,0.05
berbera,20110307,10.44,45.01,6.8222,26.04,5.97,6.73,71.49,0.0
berbera,20110308,10.44,45.01,6.6881,25.96,5.98,6.79,74.32,0.0
berbera,20110309,10.44,45.01,6.6778,25.92,5.22,5.83,74.79,0.0
berbera,20110310,10.44,45.01,7.0176,25.85,4.97,5.61,75.01,0.0
berbera,20110311,10.44,45.01,6.9833,25.99,4.07,4.57,71.14,0.0
berbera,20110312,10.44,45.01,6.9586,25.59,3.37,3.55,73.5,0.01
berbera,20110313,10.44,45.01,6.8299,25.28,2.99,3.06,75.61,0.1
berbera,20110314,10.44,45.01,6.965,25.39,2.79,2.97,73.85,0.35
berbera,20110315,10.44,45.01,5.9477,25.39,4.45,5.03,74.89,3.08
berbera,20110316,10.44,45.01,6.751,24.98,3.63,4.06,71.06,0.22
berbera,20110317,10.44,45.01,7.013,25.22,4.61,5.27,66.83,0.0
berbera,20110318,10.44,45.01,7.2943,25.05,4.08,4.66,63.35,0.0
berbera,20110319,10.44,45.01,7.1333,25.23,2.7,2.97,64.05,0.0
berbera,20110320,10.44,45.01,7.1263,25.68,3.5,3.93,60.59,0.0
berbera,20110321,10.44,45.01,7.3558,25.58,3.17,3.52,65.06,0.0
berbera,20110322,10.44,45.01,7.452,25.61,2.81,3.05,68.2,0.0
berbera,20110323,10.44,45.01,7.6579,25.7,2.64,2.9,64.02,0.0
berbera,20110324,10.44,45.01,7.7117,25.85,2.99,3.24,57.24,0.0
berbera,20110325,10.44,45.01,7.6793,25.8,3.16,3.42,59.29,0.0
berbera,20110326,10.44,45.01,7.4681,24.9,2.41,2.48,73.76,0.45
berbera,20110327,10.44,45.01,7.6166,25.05,3.08,3.38,68.46,0.0
berbera,20110328,10.44,45.01,7.6008,25.4,3.79,4.18,62.28,0.0
berbera,20110329,10.44,45.01,7.3138,25.45,3.91,4.38,65.36,0.0
berbera,20110330,10.44,45.01,7.3046,25.5,4.18,4.72,65.95,0.0
berbera,20110331,10.44,45.01,7.4698,25.65,4.25,4.78,65.06,0.0
berbera,20110401,10.44,45.01,7.3049,26.14,4.25,4.7,67.86,0.0
berbera,20110402,10.44,45.01,7.2454,26.39,4.51,4.98,74.24,0.0
berbera,20110403,10.44,45.01,7.3145,26.55,4.72,5.24,74.87,0.0
berbera,20110404,10.44,45.01,7.5226,27.16,4.73,5.4,66.13,0.0
berbera,20110405,10.44,45.01,7.2041,28.08,4.59,5.45,60.04,0.0
berbera,20110406,10.44,45.01,7.1378,28.3,4.05,4.71,62.17,0.0
berbera,20110407,10.44,45.01,6.9948,28.04,3.42,3.81,68.5,0.09
berbera,20110408,10.44,45.01,6.9048,28.09,3.76,4.11,73.59,1.24
berbera,20110409,10.44,45.01,6.9684,27.83,3.18,3.38,76.97,0.59
berbera,20110410,10.44,45.01,6.8981,28.52,3.5,3.79,73.03,0.15
berbera,20110411,10.44,45.01,6.8635,28.36,3.73,4.07,76.08,0.41
berbera,20110412,10.44,45.01,6.7586,28.24,4.18,4.68,75.09,2.52
berbera,20110413,10.44,45.01,6.834,28.12,4.25,4.74,76.04,3.49
berbera,20110414,10.44,45.01,7.1592,28.15,3.87,4.36,72.71,0.65
berbera,20110415,10.44,45.01,7.2202,28.22,4.02,4.52,70.14,0.51
berbera,20110416,10.44,45.01,7.2211,28.18,4.21,4.71,73.72,0.06
berbera,20110417,10.44,45.01,6.8938,28.53,4.17,4.73,74.19,0.26
berbera,20110418,10.44,45.01,7.2298,28.89,3.78,4.29,72.26,0.07
berbera,20110419,10.44,45.01,7.2852,29.35,4.09,4.89,65.94,0.01
berbera,20110420,10.44,45.01,7.5096,29.52,4.27,5.15,58.82,0.0
berbera,20110421,10.44,45.01,7.3126,30.18,5.21,6.43,51.11,0.0
berbera,20110422,10.44,45.01,7.5384,29.85,4.41,5.17,55.71,0.0
berbera,20110423,10.44,45.01,7.4275,29.68,3.45,4.0,58.78,0.0
berbera,20110424,10.44,45.01,7.5074,29.42,3.19,3.46,65.69,0.02
berbera,20110425,10.44,45.01,7.0207,30.21,2.73,3.07,64.39,0.5
berbera,20110426,10.44,45.01,6.8652,30.84,2.71,3.36,64.78,0.91
berbera,20110427,10.44,45.01,6.0804,30.46,3.54,4.92,68.68,7.51
berbera,20110428,10.44,45.01,7.0015,30.47,4.48,5.57,63.26,0.92
berbera,20110429,10.44,45.01,7.1774,31.37,4.97,6.26,61.97,0.57
berbera,20110430,10.44,45.01,7.338,31.24,4.47,5.45,63.29,0.22
berbera,20110501,10.44,45.01,7.3793,30.63,3.35,3.93,65.45,0.06
berbera,20110502,10.44,45.01,6.1562,29.01,1.44,1.61,73.3,0.07
berbera,20110503,10.44,45.01,6.8438,29.85,2.53,2.81,66.21,0.02
berbera,20110504,10.44,45.01,6.3658,30.12,2.66,3.11,64.53,0.0
berbera,20110505,10.44,45.01,5.8726,30.32,2.96,3.36,65.11,0.02
berbera,20110506,10.44,45.01,6.5107,30.55,3.07,3.47,63.46,0.6
berbera,20110507,10.44,45.01,6.935,30.89,3.35,3.85,61.25,0.27
berbera,20110508,10.44,45.01,7.0932,31.64,3.78,4.41,60.35,0.09
berbera,20110509,10.44,45.01,6.385,32.21,3.35,4.02,60.19,0.12
berbera,20110510,10.44,45.01,6.9482,31.78,3.46,4.07,64.73,0.09
berbera,20110511,10.44,45.01,6.4738,30.7,2.98,3.25,69.58,0.04
berbera,20110512,10.44,45.01,6.8124,29.73,2.63,2.75,70.72,0.05
berbera,20110513,10.44,45.01,7.4162,29.38,2.67,2.97,60.96,0.03
berbera,20110514,10.44,45.01,7.3411,30.64,3.47,3.88,55.64,0.02
berbera,20110515,10.44,45.01,7.2958,30.9,3.58,3.96,64.6,0.03
berbera,20110516,10.44,45.01,6.7848,31.58,3.96,4.57,63.38,0.22
berbera,20110517,10.44,45.01,5.4168,31.34,2.45,2.94,65.22,0.29
berbera,20110518,10.44,45.01,6.1819,30.15,3.19,3.78,69.68,0.72
berbera,20110519,10.44,45.01,5.3122,28.57,2.39,2.62,77.73,0.59
berbera,20110520,10.44,45.01,6.7733,28.29,2.37,2.57,73.73,0.23
berbera,20110521,10.44,45.01,7.0742,30.7,3.66,4.26,57.18,0.32
berbera,20110522,10.44,45.01,7.163,31.94,5.13,6.17,58.69,0.18
berbera,20110523,10.44,45.01,6.7771,32.11,4.99,6.17,57.67,0.07
berbera,20110524,10.44,45.01,7.1794,32.24,4.7,5.55,56.53,0.05
berbera,20110525,10.44,45.01,6.9569,32.43,4.48,5.13,58.67,0.19
berbera,20110526,10.44,45.01,6.8299,32.9,3.87,4.82,54.7,0.43
berbera,20110527,10.44,45.01,6.415,32.76,3.15,4.14,54.92,0.71
berbera,20110528,10.44,45.01,5.8908,32.52,5.47,6.71,56.71,0.7
berbera,20110529,10.44,45.01,6.6074,32.51,5.29,6.23,54.24,0.18
berbera,20110530,10.44,45.01,6.6864,32.83,4.33,5.39,53.82,0.19
berbera,20110531,10.44,45.01,6.4774,32.9,4.83,5.91,53.2,0.02
berbera,20110601,10.44,45.01,6.4318,32.88,5.79,7.03,50.69,0.0
berbera,20110602,10.44,45.01,6.9118,32.3,5.75,6.79,54.57,0.01
berbera,20110603,10.44,45.01,7.109,32.53,6.59,7.7,50.52,0.03
berbera,20110604,10.44,45.01,6.7051,33.14,6.34,7.83,49.0,0.04
berbera,20110605,10.44,45.01,6.9319,33.47,6.46,8.03,51.62,0.04
berbera,20110606,10.44,45.01,6.9523,32.69,6.07,7.13,53.42,0.0
berbera,20110607,10.44,45.01,6.6024,32.79,6.64,8.05,52.38,0.0
berbera,20110608,10.44,45.01,6.2479,32.83,6.14,7.55,52.89,0.0
berbera,20110609,10.44,45.01,6.0422,32.84,6.01,7.19,53.88,0.02
berbera,20110610,10.44,45.01,6.3936,33.62,7.79,9.63,49.65,0.0
berbera,20110611,10.44,45.01,6.7166,34.22,6.55,8.25,46.16,0.0
berbera,20110612,10.44,45.01,6.318,33.79,6.63,8.46,50.17,0.03
berbera,20110613,10.44,45.01,6.1284,33.02,7.44,9.19,47.9,0.09
berbera,20110614,10.44,45.01,6.0588,32.39,7.35,8.89,50.52,0.01
berbera,20110615,10.44,45.01,5.9153,32.5,5.4,6.7,51.23,0.0
berbera,20110616,10.44,45.01,6.0182,33.05,6.22,7.82,52.68,0.0
berbera,20110617,10.44,45.01,6.5342,33.12,6.52,8.15,51.04,0.0
berbera,20110618,10.44,45.01,6.2513,33.22,7.66,9.61,51.79,0.0
berbera,20110619,10.44,45.01,6.2342,33.0,7.03,8.87,51.57,0.0
berbera,20110620,10.44,45.01,6.2784,33.1,7.46,9.33,50.93,0.01
berbera,20110621,10.44,45.01,5.9482,33.22,7.58,9.5,51.04,0.01
berbera,20110622,10.44,45.01,5.6268,33.77,7.13,9.03,45.46,0.01
berbera,20110623,10.44,45.01,5.9717,33.46,7.48,9.6,46.76,0.0
berbera,20110624,10.44,45.01,6.259,33.58,8.44,10.61,45.73,0.0
berbera,20110625,10.44,45.01,6.0974,33.27,7.91,9.99,49.95,0.0
berbera,20110626,10.44,45.01,6.0175,33.24,8.1,10.24,49.99,0.0
berbera,20110627,10.44,45.01,5.9251,32.98,8.46,10.71,50.57,0.01
berbera,20110628,10.44,45.01,5.8714,32.98,7.64,9.8,49.32,0.03
berbera,20110629,10.44,45.01,6.2676,33.15,7.48,9.56,45.07,0.0
berbera,20110630,10.44,45.01,4.841,32.41,7.18,9.33,51.28,0.05
berbera,20110701,10.44,45.01,5.9981,32.51,6.16,8.24,48.02,0.0
berbera,20110702,10.44,45.01,6.019,32.5,6.05,8.12,48.81,0.0
berbera,20110703,10.44,45.01,5.6198,32.47,5.06,6.69,51.93,0.0
berbera,20110704,10.44,45.01,6.1445,33.33,7.3,9.18,48.84,0.0
berbera,20110705,10.44,45.01,6.0684,33.41,8.29,10.32,47.67,0.06
berbera,20110706,10.44,45.01,6.4925,33.16,6.65,8.66,46.59,0.0
berbera,20110707,10.44,45.01,5.8457,32.85,6.95,9.2,48.79,0.0
berbera,20110708,10.44,45.01,6.3588,32.72,7.44,9.51,47.7,0.02
berbera,20110709,10.44,45.01,6.0828,32.82,9.5,11.92,46.68,0.02
berbera,20110710,10.44,45.01,6.4416,32.92,10.73,13.18,45.5,0.0
berbera,20110711,10.44,45.01,6.2614,32.57,11.73,14.63,45.69,0.0
berbera,20110712,10.44,45.01,6.2491,33.05,10.08,12.52,45.99,0.0
berbera,20110713,10.44,45.01,5.3436,33.39,11.15,13.98,44.37,0.01
berbera,20110714,10.44,45.01,4.0694,32.12,9.82,12.57,52.29,0.03
berbera,20110715,10.44,45.01,5.1914,32.43,8.65,11.03,50.74,0.01
berbera,20110716,10.44,45.01,5.7211,32.94,9.27,11.9,47.64,0.08
berbera,20110717,10.44,45.01,6.2345,33.28,9.22,11.84,43.24,0.04
berbera,20110718,10.44,45.01,4.1585,32.63,10.88,13.55,47.28,0.03
berbera,20110719,10.44,45.01,6.2736,32.84,8.9,11.24,46.07,0.04
berbera,20110720,10.44,45.01,6.0156,32.64,7.83,10.08,47.02,0.02
berbera,20110721,10.44,45.01,4.9872,33.08,7.53,9.86,45.5,0.05
berbera,20110722,10.44,45.01,5.8795,32.91,7.77,10.14,45.58,0.0
berbera,20110723,10.44,45.01,6.0374,32.51,7.7,10.45,49.93,0.01
berbera,20110724,10.44,45.01,5.4782,32.02,7.86,10.31,52.92,0.18
berbera,20110725,10.44,45.01,5.8769,31.84,5.74,7.9,52.37,0.01
berbera,20110726,10.44,45.01,6.3926,32.25,5.29,7.24,51.2,0.0
berbera,20110727,10.44,45.01,5.3263,32.97,5.66,7.63,48.56,0.0
berbera,20110728,10.44,45.01,6.2621,32.9,7.17,9.17,52.02,0.0
berbera,20110729,10.44,45.01,6.6686,33.86,10.54,13.41,45.29,0.0
berbera,20110730,10.44,45.01,5.5392,33.59,8.8,11.04,42.13,0.0
berbera,20110731,10.44,45.01,6.0374,33.4,9.71,12.39,45.26,0.0
berbera,20110801,10.44,45.01,6.3166,32.6,9.0,11.55,49.73,0.0
berbera,20110802,10.44,45.01,6.4882,33.34,8.83,11.16,44.65,0.0
berbera,20110803,10.44,45.01,6.7265,33.5,9.76,12.34,44.47,0.0
berbera,20110804,10.44,45.01,6.1229,32.44,9.44,12.1,50.71,0.0
berbera,20110805,10.44,45.01,6.5803,33.01,10.09,12.75,45.22,0.0
berbera,20110806,10.44,45.01,5.7854,32.56,10.22,12.82,44.72,0.0
berbera,20110807,10.44,45.01,5.957,31.72,10.89,13.67,46.93,0.0
berbera,20110808,10.44,45.01,7.1472,32.42,8.22,10.4,45.93,0.0
berbera,20110809,10.44,45.01,6.5054,32.79,8.61,10.78,45.65,0.0
berbera,20110810,10.44,45.01,4.7366,31.82,8.5,10.63,51.44,0.01
berbera,20110811,10.44,45.01,6.1296,32.28,9.35,11.6,48.4,0.01
berbera,20110812,10.44,45.01,6.8242,31.99,6.31,8.08,50.52,0.0
berbera,20110813,10.44,45.01,6.9557,32.65,6.15,8.03,44.86,0.0
berbera,20110814,10.44,45.01,6.7094,32.46,5.93,7.86,46.63,0.01
berbera,20110815,10.44,45.01,6.6938,32.36,5.58,7.52,50.21,0.01
berbera,20110816,10.44,45.01,6.3024,32.59,5.49,7.29,50.08,0.0
berbera,20110817,10.44,45.01,7.0195,32.69,5.1,7.28,48.9,0.03
berbera,20110818,10.44,45.01,6.5822,32.71,5.33,7.2,48.27,0.0
berbera,20110819,10.44,45.01,6.7255,32.72,6.13,8.44,46.26,0.0
berbera,20110820,10.44,45.01,6.6886,32.86,6.47,8.56,45.56,0.0
berbera,20110821,10.44,45.01,6.8004,33.1,5.88,7.74,45.64,0.0
berbera,20110822,10.44,45.01,6.9403,33.05,6.64,8.89,44.99,0.0
berbera,20110823,10.44,45.01,6.8786,33.23,7.09,9.08,45.18,0.0
berbera,20110824,10.44,45.01,6.5246,33.39,6.68,8.6,43.66,0.0
berbera,20110825,10.44,45.01,6.2426,32.89,6.57,8.54,46.4,0.0
berbera,20110826,10.44,45.01,5.8255,32.99,6.91,9.14,45.7,0.0
berbera,20110827,10.44,45.01,5.7295,32.99,6.92,9.07,45.72,0.0
berbera,20110828,10.44,45.01,6.655,32.54,6.05,7.97,47.86,0.0
berbera,20110829,10.44,45.01,4.3838,31.53,6.7,8.84,53.61,0.41
berbera,20110830,10.44,45.01,4.5775,32.34,7.25,9.54,50.04,0.29
berbera,20110831,10.44,45.01,6.6509,32.27,6.3,8.52,52.12,0.39
berbera,20110901,10.44,45.01,6.5501,32.07,7.0,9.47,56.03,0.04
berbera,20110902,10.44,45.01,6.7918,32.21,6.44,8.68,54.5,0.06
berbera,20110903,10.44,45.01,6.8234,32.5,6.22,8.35,51.42,0.0
berbera,20110904,10.44,45.01,6.4505,32.51,5.61,7.81,49.77,0.0
berbera,20110905,10.44,45.01,5.705,32.17,4.8,6.58,51.38,0.0
berbera,20110906,10.44,45.01,6.9151,32.87,6.41,8.59,47.36,0.0
berbera,20110907,10.44,45.01,6.6926,32.78,6.91,9.07,46.99,0.0
berbera,20110908,10.44,45.01,6.7013,32.84,6.87,9.19,47.43,0.02
berbera,20110909,10.44,45.01,6.3962,32.64,5.99,8.18,48.63,0.0
berbera,20110910,10.44,45.01,6.7414,32.64,5.51,7.4,50.43,0.02
berbera,20110911,10.44,45.01,6.4212,32.4,5.54,7.4,51.49,0.02
berbera,20110912,10.44,45.01,6.535,32.58,4.75,6.4,48.18,0.0
berbera,20110913,10.44,45.01,6.6096,32.7,4.61,6.21,48.47,0.04
berbera,20110914,10.44,45.01,6.6972,33.1,4.94,6.62,47.16,0.03
berbera,20110915,10.44,45.01,6.6662,32.94,4.74,6.45,48.46,0.04
berbera,20110916,10.44,45.01,6.6792,32.93,4.6,6.25,47.82,0.0
berbera,20110917,10.44,45.01,6.6444,32.93,5.39,7.33,49.28,0.01
berbera,20110918,10.44,45.01,6.6936,32.52,4.84,6.3,50.38,0.0
berbera,20110919,10.44,45.01,6.8664,32.35,4.3,5.53,52.06,0.0
berbera,20110920,10.44,45.01,6.6163,32.46,3.13,3.93,51.71,0.0
berbera,20110921,10.44,45.01,6.6259,32.4,3.27,3.92,57.22,0.0
berbera,20110922,10.44,45.01,6.8069,32.1,2.67,3.03,62.31,0.0
berbera,20110923,10.44,45.01,6.7711,32.61,3.7,4.57,55.72,0.01
berbera,20110924,10.44,45.01,6.4327,32.47,4.35,5.16,55.61,0.1
berbera,20110925,10.44,45.01,5.8018,32.09,3.68,4.28,56.75,0.36
berbera,20110926,10.44,45.01,6.6389,32.1,3.64,4.24,54.92,0.07
berbera,20110927,10.44,45.01,6.7183,31.34,3.29,3.73,59.27,0.18
berbera,20110928,10.44,45.01,6.6578,31.75,2.74,3.11,57.09,0.07
berbera,20110929,10.44,45.01,6.4608,31.83,2.9,3.33,52.46,0.0
berbera,20110930,10.44,45.01,6.5102,31.02,3.1,3.25,59.62,0.28
berbera,20111001,10.44,45.01,6.6922,30.11,3.05,3.31,66.77,0.17
berbera,20111002,10.44,45.01,7.099,30.0,3.19,3.51,60.87,0.02
berbera,20111003,10.44,45.01,6.9466,30.78,3.21,3.67,52.42,0.0
berbera,20111004,10.44,45.01,6.8688,31.25,3.03,3.46,49.88,0.0
berbera,20111005,10.44,45.01,6.733,31.85,2.48,2.89,43.82,0.0
berbera,20111006,10.44,45.01,6.4553,30.8,3.96,4.54,58.43,0.0
berbera,20111007,10.44,45.01,6.2962,29.68,4.01,4.42,66.27,0.02
berbera,20111008,10.44,45.01,6.4526,29.27,3.95,4.39,66.24,0.35
berbera,20111009,10.44,45.01,6.768,28.78,3.39,3.67,67.85,0.06
berbera,20111010,10.44,45.01,6.7054,28.84,3.37,3.66,68.3,0.11
berbera,20111011,10.44,45.01,6.7236,28.61,3.98,4.39,69.81,0.28
berbera,20111012,10.44,45.01,6.6497,28.35,4.41,4.81,70.13,0.54
berbera,20111013,10.44,45.01,6.3756,28.2,4.36,4.74,72.29,6.0
berbera,20111014,10.44,45.01,6.2242,27.7,4.54,5.1,76.33,7.34
berbera,20111015,10.44,45.01,6.715,27.75,3.29,3.63,70.13,3.07
berbera,20111016,10.44,45.01,6.7958,28.25,2.86,3.28,61.92,0.51
berbera,20111017,10.44,45.01,6.6816,28.77,3.53,4.08,55.19,0.01
berbera,20111018,10.44,45.01,6.9214,27.74,3.26,3.66,57.91,0.0
berbera,20111019,10.44,45.01,6.6931,27.09,2.19,2.32,67.13,0.0
berbera,20111020,10.44,45.01,6.8765,27.56,2.48,2.72,63.72,0.0
berbera,20111021,10.44,45.01,6.6706,27.88,2.31,2.42,57.07,0.0
berbera,20111022,10.44,45.01,6.7447,28.05,3.03,3.35,58.77,0.0
berbera,20111023,10.44,45.01,6.3014,27.6,3.42,3.75,67.1,2.25
berbera,20111024,10.44,45.01,6.4997,28.04,3.23,3.64,63.44,0.03
berbera,20111025,10.44,45.01,6.5827,27.76,4.14,4.69,65.09,0.01
berbera,20111026,10.44,45.01,6.0732,27.58,4.55,5.08,71.06,2.74
berbera,20111027,10.44,45.01,5.5531,27.11,4.63,5.21,69.67,2.71
berbera,20111028,10.44,45.01,6.1613,26.72,2.87,3.13,70.99,3.98
berbera,20111029,10.44,45.01,6.4637,26.45,2.45,2.67,59.19,0.13
berbera,20111030,10.44,45.01,6.4442,27.62,2.22,2.49,46.67,0.03
berbera,20111031,10.44,45.01,6.3499,28.38,2.82,3.19,45.88,0.0
berbera,20111101,10.44,45.01,6.5086,29.09,2.11,2.26,50.39,0.0
berbera,20111102,10.44,45.01,6.307,28.78,2.76,3.04,68.26,0.42
berbera,20111103,10.44,45.01,6.3634,28.92,3.01,3.38,69.8,0.25
berbera,20111104,10.44,45.01,5.6422,29.0,3.14,3.57,66.71,0.83
berbera,20111105,10.44,45.01,6.1824,28.77,3.16,3.56,65.7,0.01
berbera,20111106,10.44,45.01,5.3914,28.07,2.94,3.21,71.25,0.12
berbera,20111107,10.44,45.01,5.8054,28.01,2.65,2.88,67.41,0.16
berbera,20111108,10.44,45.01,6.0665,28.07,2.47,2.66,69.01,0.12
berbera,20111109,10.44,45.01,5.9897,28.32,3.39,3.74,70.83,0.93
berbera,20111110,10.44,45.01,5.6774,27.97,4.69,5.39,70.21,1.7
berbera,20111111,10.44,45.01,6.2659,27.46,4.84,5.59,60.53,0.01
berbera,20111112,10.44,45.01,6.421,26.86,3.76,4.3,65.72,0.0
berbera,20111113,10.44,45.01,5.9923,27.53,4.37,4.88,72.86,0.17
berbera,20111114,10.44,45.01,6.3914,27.28,5.29,6.15,71.92,0.03
berbera,20111115,10.44,45.01,6.1853,26.87,4.78,5.41,68.56,0.01
berbera,20111116,10.44,45.01,5.5219,26.95,4.56,5.19,73.31,0.14
berbera,20111117,10.44,45.01,5.6779,26.83,4.71,5.27,75.08,0.08
berbera,20111118,10.44,45.01,6.216,25.99,4.66,5.25,67.47,0.03
berbera,20111119,10.44,45.01,6.3432,25.36,3.18,3.52,64.37,0.0
berbera,20111120,10.44,45.01,5.6803,26.06,3.7,4.06,72.53,0.03
berbera,20111121,10.44,45.01,4.7537,26.86,4.41,4.91,75.27,0.3
berbera,20111122,10.44,45.01,4.5967,26.83,3.69,4.03,76.49,0.7
berbera,20111123,10.44,45.01,5.5666,26.6,3.3,3.74,74.51,0.14
berbera,20111124,10.44,45.01,5.777,26.45,4.58,5.26,74.05,0.07
berbera,20111125,10.44,45.01,5.706,26.44,4.38,4.99,70.18,0.01
berbera,20111126,10.44,45.01,5.7931,26.36,3.81,4.29,68.39,0.0
berbera,20111127,10.44,45.01,5.7938,25.97,3.58,4.03,68.91,0.01
berbera,20111128,10.44,45.01,5.6376,25.87,3.94,4.49,70.44,0.9
berbera,20111129,10.44,45.01,5.7454,25.6,2.95,3.17,70.77,0.0
berbera,20111130,10.44,45.01,5.5603,25.49,2.15,2.31,69.26,0.13
berbera,20111201,10.44,45.01,5.6287,25.51,3.19,3.55,71.47,0.0
berbera,20111202,10.44,45.01,5.6196,25.52,3.85,4.38,70.28,0.0
berbera,20111203,10.44,45.01,5.8051,25.26,3.58,4.03,69.17,0.0
berbera,20111204,10.44,45.01,5.9592,25.08,3.87,4.43,66.0,0.0
berbera,20111205,10.44,45.01,5.7408,25.33,4.4,5.08,72.23,0.0
berbera,20111206,10.44,45.01,5.3333,25.61,4.95,5.81,72.45,0.0
berbera,20111207,10.44,45.01,5.916,25.42,5.06,5.94,71.65,0.0
berbera,20111208,10.44,45.01,5.5046,25.19,5.19,6.1,69.56,0.0
berbera,20111209,10.44,45.01,5.783,24.8,5.5,6.45,68.87,0.0
berbera,20111210,10.44,45.01,5.6455,24.5,5.6,6.57,68.54,0.0
berbera,20111211,10.44,45.01,5.0546,24.44,5.16,6.01,67.98,0.0
berbera,20111212,10.44,45.01,4.7417,24.37,4.46,5.21,70.93,0.62
berbera,20111213,10.44,45.01,5.489,24.63,5.28,6.24,71.85,0.31
berbera,20111214,10.44,45.01,5.7288,24.88,5.13,5.96,68.12,0.03
berbera,20111215,10.44,45.01,5.7302,24.86,5.15,5.98,68.57,0.04
berbera,20111216,10.44,45.01,5.4466,24.56,4.59,5.29,73.23,0.09
berbera,20111217,10.44,45.01,5.712,24.33,4.03,4.64,73.32,0.07
berbera,20111218,10.44,45.01,5.6592,24.5,4.7,5.5,74.0,0.25
berbera,20111219,10.44,45.01,5.8728,24.35,5.18,6.11,71.17,0.02
berbera,20111220,10.44,45.01,5.8154,24.1,4.58,5.3,68.97,0.0
berbera,20111221,10.44,45.01,5.6297,23.99,5.05,5.86,69.34,0.0
berbera,20111222,10.44,45.01,5.8913,23.71,4.99,5.76,67.47,0.0
berbera,20111223,10.44,45.01,6.0041,23.27,4.48,5.17,71.36,0.0
berbera,20111224,10.44,45.01,5.9177,23.39,3.77,4.24,69.75,0.0
berbera,20111225,10.44,45.01,5.9484,23.34,3.11,3.43,70.24,0.0
berbera,20111226,10.44,45.01,6.0854,23.22,3.07,3.44,69.67,0.0
berbera,20111227,10.44,45.01,6.0499,23.34,2.76,3.04,65.27,0.0
berbera,20111228,10.44,45.01,6.036,23.05,3.4,3.85,72.27,0.0
berbera,20111229,10.44,45.01,6.0077,23.23,4.34,5.03,67.09,0.0
berbera,20111230,10.44,45.01,5.6388,23.77,4.5,5.2,69.94,0.0
berbera,20111231,10.44,45.01,6.0588,23.53,3.76,4.23,71.23,0.0
berbera,20120101,10.44,45.01,6.0235,23.41,3.72,4.28,71.17,0.0
berbera,20120102,10.44,45.01,6.0612,23.34,3.11,3.45,68.84,0.0
berbera,20120103,10.44,45.01,6.0322,23.33,2.18,2.34,70.13,0.01
berbera,20120104,10.44,45.01,6.0334,23.38,2.39,2.6,72.1,0.0
berbera,20120105,10.44,45.01,5.9875,23.47,4.03,4.59,71.92,0.04
berbera,20120106,10.44,45.01,5.1456,23.92,3.94,4.4,76.4,0.11
berbera,20120107,10.44,45.01,5.1432,25.26,5.3,5.96,78.58,0.38
berbera,20120108,10.44,45.01,5.2123,25.58,5.76,6.5,79.14,0.25
berbera,20120109,10.44,45.01,4.2636,25.43,5.1,5.71,78.96,0.42
berbera,20120110,10.44,45.01,4.8662,24.97,5.19,5.87,79.86,0.65
berbera,20120111,10.44,45.01,5.6926,24.52,5.08,5.79,76.29,0.0
berbera,20120112,10.44,45.01,5.7362,24.45,4.15,4.76,76.84,0.0
berbera,20120113,10.44,45.01,6.0374,24.47,3.43,3.76,74.09,0.0
berbera,20120114,10.44,45.01,6.1121,23.84,2.66,2.85,71.94,0.0
berbera,20120115,10.44,45.01,6.2659,23.69,2.95,3.23,68.58,0.0
berbera,20120116,10.44,45.01,5.9134,23.17,3.46,3.91,71.28,0.0
berbera,20120117,10.44,45.01,5.8759,24.06,3.86,4.46,72.57,0.0
berbera,20120118,10.44,45.01,5.9134,24.0,3.54,3.99,73.22,0.0
berbera,20120119,10.44,45.01,6.1838,23.57,3.04,3.36,71.86,0.0
berbera,20120120,10.44,45.01,6.2038,24.21,2.56,2.74,65.91,0.0
berbera,20120121,10.44,45.01,4.4134,24.76,2.13,2.38,73.45,0.02
berbera,20120122,10.44,45.01,4.4213,24.74,3.86,4.35,78.69,0.36
berbera,20120123,10.44,45.01,5.2013,24.43,3.26,3.6,77.07,0.06
berbera,20120124,10.44,45.01,5.1806,24.45,3.94,4.39,77.78,0.14
berbera,20120125,10.44,45.01,5.7595,24.59,5.94,6.89,71.02,0.03
berbera,20120126,10.44,45.01,6.1099,23.89,5.82,6.72,67.87,0.0
berbera,20120127,10.44,45.01,6.113,23.03,4.45,5.07,71.56,0.0
berbera,20120128,10.44,45.01,6.4099,22.71,3.61,4.06,71.33,0.0
berbera,20120129,10.44,45.01,6.3521,22.94,3.82,4.32,71.38,0.0
berbera,20120130,10.44,45.01,5.8766,24.13,5.27,5.93,74.56,0.0
berbera,20120131,10.44,45.01,5.9834,24.67,6.24,7.11,73.92,0.0
berbera,20120201,10.44,45.01,6.1706,24.78,5.18,5.8,73.94,0.0
berbera,20120202,10.44,45.01,6.0972,24.81,4.06,4.41,76.16,0.0
berbera,20120203,10.44,45.01,5.4418,24.35,3.44,3.81,77.09,0.0
berbera,20120204,10.44,45.01,5.9455,24.05,4.95,5.73,73.34,0.0
berbera,20120205,10.44,45.01,6.0497,24.25,5.11,5.8,72.49,0.0
berbera,20120206,10.44,45.01,6.2218,24.28,6.11,7.09,67.74,0.0
berbera,20120207,10.44,45.01,6.0226,24.27,6.88,7.83,72.12,0.0
berbera,20120208,10.44,45.01,6.4634,24.14,6.53,7.41,69.8,0.0
berbera,20120209,10.44,45.01,6.4092,23.75,5.48,6.28,70.58,0.0
berbera,20120210,10.44,45.01,6.3499,23.89,4.76,5.39,71.9,0.0
berbera,20120211,10.44,45.01,6.215,23.69,3.68,4.12,70.22,0.0
berbera,20120212,10.44,45.01,6.7051,23.79,3.45,3.85,72.4,0.0
berbera,20120213,10.44,45.01,6.8189,23.28,3.51,3.89,70.83,0.0
berbera,20120214,10.44,45.01,6.6242,23.89,4.25,4.81,72.28,0.0
berbera,20120215,10.44,45.01,6.7622,24.1,4.34,4.88,70.62,0.0
berbera,20120216,10.44,45.01,6.8122,24.24,4.25,4.64,71.58,0.0
berbera,20120217,10.44,45.01,6.6931,25.43,4.42,4.85,70.08,0.0
berbera,20120218,10.44,45.01,6.6965,25.01,4.03,4.39,76.02,0.0
berbera,20120219,10.44,45.01,5.9354,24.8,3.28,3.56,74.74,0.0
berbera,20120220,10.44,45.01,6.8244,24.45,2.6,2.74,73.39,0.0
berbera,20120221,10.44,45.01,6.7378,24.45,3.83,4.28,73.69,0.0
berbera,20120222,10.44,45.01,6.4363,24.68,5.35,6.18,72.12,0.0
berbera,20120223,10.44,45.01,6.307,24.83,5.92,6.79,71.26,0.0
berbera,20120224,10.44,45.01,6.6859,24.78,5.65,6.36,70.74,0.0
berbera,20120225,10.44,45.01,6.6384,24.94,4.47,4.94,70.18,0.0
berbera,20120226,10.44,45.01,6.4558,25.33,3.6,3.9,68.35,0.0
berbera,20120227,10.44,45.01,6.5669,24.93,4.12,4.59,73.98,0.0
berbera,20120228,10.44,45.01,6.545,24.53,4.12,4.62,70.17,0.0
berbera,20120229,10.44,45.01,6.7606,24.96,3.5,3.78,69.56,0.0
berbera,20120301,10.44,45.01,6.2102,25.18,3.41,3.62,72.51,0.0
berbera,20120302,10.44,45.01,6.715,25.52,3.15,3.27,74.07,0.0
berbera,20120303,10.44,45.01,6.7778,25.27,2.59,2.59,74.24,0.0
berbera,20120304,10.44,45.01,6.2813,25.29,3.82,4.25,76.87,0.0
berbera,20120305,10.44,45.01,5.8486,25.23,3.57,3.95,75.94,0.0
berbera,20120306,10.44,45.01,6.3055,24.85,4.27,4.82,69.71,0.0
berbera,20120307,10.44,45.01,6.5347,24.42,3.9,4.38,67.48,0.0
berbera,20120308,10.44,45.01,6.7884,24.68,3.9,4.44,65.6,0.0
berbera,20120309,10.44,45.01,7.0925,24.5,4.01,4.48,56.97,0.0
berbera,20120310,10.44,45.01,7.4753,24.24,2.94,3.22,55.93,0.0
berbera,20120311,10.44,45.01,7.5074,25.04,3.73,4.19,52.21,0.0
berbera,20120312,10.44,45.01,7.1198,25.19,4.29,4.94,61.5,0.0
berbera,20120313,10.44,45.01,7.4318,24.61,4.73,5.38,58.37,0.0
berbera,20120314,10.44,45.01,7.3116,24.41,3.96,4.41,63.93,0.0
berbera,20120315,10.44,45.01,7.1167,24.94,3.97,4.27,71.54,0.0
berbera,20120316,10.44,45.01,7.2785,25.14,3.67,3.94,71.97,0.0
berbera,20120317,10.44,45.01,7.3514,25.39,3.31,3.47,72.12,0.0
berbera,20120318,10.44,45.01,7.1753,25.63,3.14,3.32,74.87,0.0
berbera,20120319,10.44,45.01,6.5309,25.77,4.89,5.57,76.44,0.0
berbera,20120320,10.44,45.01,7.0822,25.51,4.94,5.64,69.64,0.0
berbera,20120321,10.44,45.01,6.6665,25.99,5.34,6.05,68.63,0.0
berbera,20120322,10.44,45.01,6.2424,26.54,4.81,5.44,69.53,0.0
berbera,20120323,10.44,45.01,6.3818,26.71,4.32,4.91,68.06,0.0
berbera,20120324,10.44,45.01,6.8086,26.73,4.48,5.13,66.9,0.0
berbera,20120325,10.44,45.01,6.9732,26.27,4.21,4.68,70.54,0.0
berbera,20120326,10.44,45.01,7.2358,26.87,4.32,4.92,64.96,0.0
berbera,20120327,10.44,45.01,6.9391,27.44,4.29,4.92,60.72,0.0
berbera,20120328,10.44,45.01,6.9814,27.76,4.47,5.09,64.25,0.0
berbera,20120329,10.44,45.01,7.0034,27.82,4.16,4.63,66.61,0.0
berbera,20120330,10.44,45.01,6.9149,27.18,3.41,3.58,72.89,0.01
berbera,20120331,10.44,45.01,6.6677,26.78,3.33,3.49,75.87,0.03
berbera,20120401,10.44,45.01,6.8609,26.89,3.8,4.06,74.8,0.55
berbera,20120402,10.44,45.01,6.6058,26.91,4.05,4.32,78.02,6.57
berbera,20120403,10.44,45.01,6.7346,27.04,4.26,4.75,75.82,3.3
berbera,20120404,10.44,45.01,7.0181,27.12,5.06,5.83,72.1,0.46
berbera,20120405,10.44,45.01,7.1153,26.98,4.9,5.68,65.0,0.03
berbera,20120406,10.44,45.01,6.5664,27.86,5.23,6.18,64.73,0.0
berbera,20120407,10.44,45.01,6.8234,28.79,3.57,4.32,60.46,0.01
berbera,20120408,10.44,45.01,7.0366,29.41,4.11,5.09,58.89,0.07
berbera,20120409,10.44,45.01,5.8608,29.85,5.14,6.51,59.48,0.08
berbera,20120410,10.44,45.01,6.6749,29.25,4.01,4.86,65.46,0.09
berbera,20120411,10.44,45.01,5.8164,29.18,3.68,4.44,67.1,1.52
berbera,20120412,10.44,45.01,7.134,29.6,3.06,3.66,61.38,0.04
berbera,20120413,10.44,45.01,6.2534,29.97,2.81,3.64,61.53,1.0
berbera,20120414,10.44,45.01,5.1264,29.45,3.09,4.09,65.03,1.41
berbera,20120415,10.44,45.01,6.9581,29.1,4.09,4.95,66.01,3.85
berbera,20120416,10.44,45.01,7.11,28.36,3.23,3.89,72.51,5.15
berbera,20120417,10.44,45.01,7.296,28.65,2.87,3.37,69.82,0.16
berbera,20120418,10.44,45.01,6.9317,28.74,2.74,3.2,71.22,1.58
berbera,20120419,10.44,45.01,6.9746,28.88,3.09,3.77,72.33,3.62
berbera,20120420,10.44,45.01,7.2038,29.16,2.99,3.59,72.85,0.52
berbera,20120421,10.44,45.01,6.2479,29.08,3.37,4.02,73.16,0.31
berbera,20120422,10.44,45.01,7.1916,28.72,3.26,3.74,72.93,0.01
berbera,20120423,10.44,45.01,7.0322,29.72,3.42,4.14,65.25,0.01
berbera,20120424,10.44,45.01,6.6638,30.53,3.3,4.32,63.6,0.15
berbera,20120425,10.44,45.01,6.4822,29.83,3.82,4.5,66.93,0.31
berbera,20120426,10.44,45.01,6.0545,28.93,3.18,3.5,75.83,0.37
berbera,20120427,10.44,45.01,6.3269,29.62,3.05,3.42,70.63,0.35
berbera,20120428,10.44,45.01,6.9804,29.87,3.56,4.09,67.89,0.01
berbera,20120429,10.44,45.01,7.3704,29.69,3.29,3.72,68.27,0.0
berbera,20120430,10.44,45.01,7.4755,29.83,3.29,3.84,57.07,0.0
berbera,20120501,10.44,45.01,7.3579,29.97,3.64,4.22,54.24,0.0
berbera,20120502,10.44,45.01,7.1986,29.53,4.14,4.52,62.83,0.02
berbera,20120503,10.44,45.01,6.882,30.06,4.1,4.51,66.38,0.75
berbera,20120504,10.44,45.01,6.8669,29.62,3.56,3.84,73.54,1.1
berbera,20120505,10.44,45.01,4.5974,29.04,2.8,3.0,76.44,1.61
berbera,20120506,10.44,45.01,7.1314,29.33,2.64,3.05,73.09,0.26
berbera,20120507,10.44,45.01,6.6103,30.45,2.85,3.42,65.87,0.33
berbera,20120508,10.44,45.01,6.775,30.3,2.89,3.55,65.97,0.12
berbera,20120509,10.44,45.01,6.5342,30.37,3.51,4.21,63.51,0.4
berbera,20120510,10.44,45.01,6.6456,30.4,3.8,4.37,64.63,0.17
berbera,20120511,10.44,45.01,3.9182,29.86,2.78,3.0,66.26,0.41
berbera,20120512,10.44,45.01,7.2612,29.83,2.13,2.44,68.57,0.33
berbera,20120513,10.44,45.01,7.3202,30.52,3.03,3.49,63.27,0.05
berbera,20120514,10.44,45.01,7.0313,30.76,3.21,3.67,63.69,0.12
berbera,20120515,10.44,45.01,7.1208,31.17,3.27,3.69,64.12,0.0
berbera,20120516,10.44,45.01,7.0394,30.62,3.4,3.78,67.12,0.08
berbera,20120517,10.44,45.01,6.7351,29.95,3.64,4.08,67.15,1.52
berbera,20120518,10.44,45.01,6.7373,29.48,3.1,3.45,68.24,3.91
berbera,20120519,10.44,45.01,6.522,30.21,2.94,3.43,68.12,2.78
berbera,20120520,10.44,45.01,5.6815,30.79,3.39,3.95,62.78,0.74
berbera,20120521,10.44,45.01,7.033,31.12,3.31,3.78,62.44,0.09
berbera,20120522,10.44,45.01,7.115,31.35,2.86,3.2,59.79,1.19
berbera,20120523,10.44,45.01,7.0322,31.36,3.0,3.45,60.1,0.19
berbera,20120524,10.44,45.01,7.0694,31.07,3.37,3.78,65.25,2.52
berbera,20120525,10.44,45.01,6.8338,30.08,2.27,2.7,66.87,1.46
berbera,20120526,10.44,45.01,6.7104,30.9,1.97,2.35,59.47,0.0
berbera,20120527,10.44,45.01,6.7505,31.65,3.23,4.27,51.19,0.0
berbera,20120528,10.44,45.01,6.7531,31.18,4.87,5.81,54.35,0.0
berbera,20120529,10.44,45.01,6.3898,31.2,4.7,5.51,60.3,0.0
berbera,20120530,10.44,45.01,6.9386,32.22,3.22,3.9,49.01,0.0
berbera,20120531,10.44,45.01,6.9583,33.35,3.24,4.16,38.9,0.0
berbera,20120601,10.44,45.01,6.7154,33.59,5.07,6.57,46.25,0.0
berbera,20120602,10.44,45.01,6.3557,32.36,6.28,7.5,56.04,0.0
berbera,20120603,10.44,45.01,6.8748,32.22,5.88,6.93,50.57,0.0
berbera,20120604,10.44,45.01,5.4223,32.87,6.58,7.97,48.5,0.0
berbera,20120605,10.44,45.01,4.7779,32.45,7.3,8.92,52.05,0.0
berbera,20120606,10.44,45.01,5.1319,32.36,6.93,8.36,51.69,0.0
berbera,20120607,10.44,45.01,5.0825,32.88,7.13,8.87,49.68,0.0
berbera,20120608,10.44,45.01,5.9431,32.98,6.48,8.24,47.69,0.0
berbera,20120609,10.44,45.01,6.2254,32.95,6.41,8.2,47.45,0.0
berbera,20120610,10.44,45.01,6.3722,32.45,6.67,8.36,52.42,0.0
berbera,20120611,10.44,45.01,6.7735,32.79,5.82,7.23,51.25,0.0
berbera,20120612,10.44,45.01,6.5278,33.24,6.71,8.51,48.2,0.0
berbera,20120613,10.44,45.01,6.611,33.69,8.3,10.49,46.64,0.0
berbera,20120614,10.44,45.01,6.3091,33.19,7.73,9.78,48.35,0.0
berbera,20120615,10.44,45.01,6.5558,32.94,7.48,9.45,50.98,0.0
berbera,20120616,10.44,45.01,6.7586,32.62,7.7,9.47,51.1,0.0
berbera,20120617,10.44,45.01,6.4402,32.62,8.52,10.46,48.01,0.0
berbera,20120618,10.44,45.01,6.4075,32.81,11.23,13.88,46.37,0.0
berbera,20120619,10.44,45.01,6.269,33.02,9.25,11.55,46.56,0.0
berbera,20120620,10.44,45.01,6.5496,32.59,8.19,10.1,47.8,0.0
berbera,20120621,10.44,45.01,6.6586,32.64,7.36,9.24,47.94,0.02
berbera,20120622,10.44,45.01,6.2736,32.86,6.18,7.91,48.67,0.5
berbera,20120623,10.44,45.01,6.3425,31.86,5.76,7.52,52.87,0.0
berbera,20120624,10.44,45.01,5.9578,32.41,7.24,9.34,50.89,0.07
berbera,20120625,10.44,45.01,5.7449,32.62,6.08,7.72,46.98,0.0
berbera,20120626,10.44,45.01,5.653,32.72,7.4,9.61,52.48,0.0
berbera,20120627,10.44,45.01,5.7792,32.39,8.25,10.36,51.25,0.0
berbera,20120628,10.44,45.01,6.03,32.41,8.69,10.8,48.46,0.0
berbera,20120629,10.44,45.01,5.9899,32.58,8.51,10.42,47.27,0.0
berbera,20120630,10.44,45.01,6.5222,32.17,7.37,9.22,50.31,0.0
berbera,20120701,10.44,45.01,6.24,32.32,7.15,8.95,47.17,0.0
berbera,20120702,10.44,45.01,6.2794,32.23,7.96,9.97,49.74,0.0
berbera,20120703,10.44,45.01,6.4483,32.71,7.88,9.99,48.33,0.0
berbera,20120704,10.44,45.01,5.8078,32.52,8.24,10.63,52.11,0.0
berbera,20120705,10.44,45.01,5.8478,32.2,8.94,11.14,51.01,0.15
berbera,20120706,10.44,45.01,5.1554,31.81,9.37,11.58,50.09,0.01
berbera,20120707,10.44,45.01,5.9249,32.27,7.27,9.29,48.95,0.0
berbera,20120708,10.44,45.01,6.1536,32.48,6.9,9.16,50.18,0.0
berbera,20120709,10.44,45.01,6.2882,32.37,7.7,10.04,49.22,0.0
berbera,20120710,10.44,45.01,6.2424,32.27,8.14,10.34,49.13,0.0
berbera,20120711,10.44,45.01,6.2604,32.08,8.03,10.01,50.45,0.0
berbera,20120712,10.44,45.01,6.7027,32.01,8.13,9.97,48.79,0.0
berbera,20120713,10.44,45.01,6.8597,32.2,7.97,9.83,49.82,0.0
berbera,20120714,10.44,45.01,6.0679,32.84,8.21,10.35,47.28,0.0
berbera,20120715,10.44,45.01,5.6042,33.13,9.05,11.48,48.34,0.57
berbera,20120716,10.44,45.01,6.301,33.27,8.98,11.13,46.43,0.04
berbera,20120717,10.44,45.01,6.5921,32.39,9.38,11.55,49.7,0.11
berbera,20120718,10.44,45.01,6.5719,32.01,11.31,14.05,47.9,0.75
berbera,20120719,10.44,45.01,5.7089,31.56,9.45,11.5,48.44,1.07
berbera,20120720,10.44,45.01,5.7319,32.0,8.47,10.65,50.58,0.0
berbera,20120721,10.44,45.01,6.2858,32.2,7.84,9.98,50.43,0.0
berbera,20120722,10.44,45.01,6.4838,33.06,8.38,10.73,46.6,0.0
berbera,20120723,10.44,45.01,6.1877,32.34,8.37,10.87,49.19,0.0
berbera,20120724,10.44,45.01,5.9465,32.02,8.15,10.51,48.83,0.0
berbera,20120725,10.44,45.01,6.5045,32.22,10.33,12.7,47.14,0.0
berbera,20120726,10.44,45.01,6.2894,32.81,10.17,12.57,42.77,0.0
berbera,20120727,10.44,45.01,6.5191,32.87,8.72,10.82,45.42,0.0
berbera,20120728,10.44,45.01,5.8418,32.35,9.06,11.34,47.87,0.0
berbera,20120729,10.44,45.01,5.8428,32.08,8.61,10.79,50.8,0.0
berbera,20120730,10.44,45.01,6.2717,32.56,9.23,11.43,47.26,0.05
berbera,20120731,10.44,45.01,6.3252,32.26,6.99,8.78,49.82,0.02
berbera,20120801,10.44,45.01,6.5558,31.53,6.78,8.61,54.26,0.03
berbera,20120802,10.44,45.01,6.1615,32.77,9.05,11.21,49.35,0.03
berbera,20120803,10.44,45.01,6.4944,33.08,9.69,11.86,47.77,0.01
berbera,20120804,10.44,45.01,6.6617,32.86,6.92,8.86,49.4,0.02
berbera,20120805,10.44,45.01,6.2678,32.81,6.99,8.88,50.74,0.0
berbera,20120806,10.44,45.01,6.5198,33.02,7.54,9.58,48.17,0.0
berbera,20120807,10.44,45.01,5.2586,33.66,6.7,8.76,46.48,0.0
berbera,20120808,10.44,45.01,4.495,32.87,6.35,8.35,50.48,0.03
berbera,20120809,10.44,45.01,6.0334,33.1,6.71,8.66,50.59,0.32
berbera,20120810,10.44,45.01,6.3946,32.97,7.68,9.87,50.06,0.37
berbera,20120811,10.44,45.01,6.617,32.25,7.54,9.64,51.16,0.09
berbera,20120812,10.44,45.01,6.6506,32.1,7.79,9.81,48.63,0.13
berbera,20120813,10.44,45.01,6.7133,31.93,5.79,7.39,49.92,0.0
berbera,20120814,10.44,45.01,4.9466,32.65,6.75,8.61,47.87,0.11
berbera,20120815,10.44,45.01,6.0595,32.52,6.98,8.86,49.51,0.23
berbera,20120816,10.44,45.01,6.7548,32.09,7.02,8.94,50.27,0.02
berbera,20120817,10.44,45.01,6.9322,31.98,7.1,8.8,50.82,0.25
berbera,20120818,10.44,45.01,6.7649,31.95,7.02,8.71,50.75,1.44
berbera,20120819,10.44,45.01,7.1772,32.2,6.01,7.65,50.36,0.02
berbera,20120820,10.44,45.01,6.81,33.16,6.6,8.42,46.8,0.29
berbera,20120821,10.44,45.01,6.5693,32.72,7.32,9.7,51.63,0.04
berbera,20120822,10.44,45.01,7.0015,32.23,6.53,8.62,49.87,0.03
berbera,20120823,10.44,45.01,6.2256,32.21,6.86,9.16,54.22,0.0
berbera,20120824,10.44,45.01,6.594,32.36,6.72,8.88,50.69,0.0
berbera,20120825,10.44,45.01,6.6043,32.28,7.51,9.26,52.41,0.04
berbera,20120826,10.44,45.01,6.7896,32.7,8.0,9.97,50.38,0.13
berbera,20120827,10.44,45.01,6.7771,33.08,8.59,10.64,49.45,0.67
berbera,20120828,10.44,45.01,6.6554,32.65,8.49,10.61,52.7,1.29
berbera,20120829,10.44,45.01,6.7186,32.82,7.18,9.1,50.49,0.08
berbera,20120830,10.44,45.01,6.9031,32.83,6.08,7.58,48.42,0.0
berbera,20120831,10.44,45.01,5.9611,32.48,6.34,8.18,52.42,0.12
berbera,20120901,10.44,45.01,6.3362,32.58,5.93,7.73,51.43,0.07
berbera,20120902,10.44,45.01,6.727,32.76,7.16,9.26,50.76,0.01
berbera,20120903,10.44,45.01,6.7334,32.71,7.41,9.37,50.2,0.0
berbera,20120904,10.44,45.01,5.9714,32.81,6.57,8.36,46.91,0.0
berbera,20120905,10.44,45.01,6.7608,32.88,6.42,8.18,46.92,0.0
berbera,20120906,10.44,45.01,6.697,32.93,7.55,9.62,48.5,0.0
berbera,20120907,10.44,45.01,6.7694,32.92,7.72,9.83,47.87,0.0
berbera,20120908,10.44,45.01,6.7423,33.24,6.69,8.54,48.06,0.0
berbera,20120909,10.44,45.01,6.7949,32.99,6.16,7.64,47.18,0.0
berbera,20120910,10.44,45.01,6.715,32.75,5.79,6.98,48.99,0.0
berbera,20120911,10.44,45.01,6.823,32.79,5.29,6.61,49.99,0.0
berbera,20120912,10.44,45.01,6.4675,32.82,5.73,7.34,53.31,0.08
berbera,20120913,10.44,45.01,6.653,32.83,5.74,7.24,52.77,0.1
berbera,20120914,10.44,45.01,6.9509,32.85,5.46,6.92,51.13,0.38
berbera,20120915,10.44,45.01,6.8146,32.72,5.61,6.94,50.53,0.02
berbera,20120916,10.44,45.01,6.8669,32.84,6.18,7.55,48.09,0.01
berbera,20120917,10.44,45.01,6.7639,33.06,5.35,6.7,50.07,0.05
berbera,20120918,10.44,45.01,6.6077,33.07,5.67,7.14,49.65,0.0
berbera,20120919,10.44,45.01,6.5263,33.14,5.89,7.27,48.72,0.01
berbera,20120920,10.44,45.01,6.492,32.24,5.65,6.8,51.11,0.0
berbera,20120921,10.44,45.01,6.6598,31.79,4.37,5.09,58.22,0.4
berbera,20120922,10.44,45.01,5.4444,31.28,3.27,3.55,60.63,0.19
berbera,20120923,10.44,45.01,6.4858,30.7,2.55,2.83,62.63,0.39
berbera,20120924,10.44,45.01,6.821,31.41,3.19,3.58,56.56,0.24
berbera,20120925,10.44,45.01,6.0857,31.73,3.24,3.64,58.03,0.59
berbera,20120926,10.44,45.01,6.1414,30.59,3.56,3.83,69.41,1.22
berbera,20120927,10.44,45.01,6.4495,30.14,3.57,3.83,69.73,0.48
berbera,20120928,10.44,45.01,6.2102,29.42,3.59,3.83,71.12,0.53
berbera,20120929,10.44,45.01,6.7896,29.28,3.39,3.62,69.3,0.41
berbera,20120930,10.44,45.01,6.7699,28.72,3.54,3.84,68.52,0.39
berbera,20121001,10.44,45.01,7.0867,28.2,2.17,2.34,62.3,0.0
berbera,20121002,10.44,45.01,6.5669,30.36,3.44,3.83,56.89,0.0
berbera,20121003,10.44,45.01,6.7438,30.26,2.62,2.7,61.39,0.08
berbera,20121004,10.44,45.01,6.835,30.68,2.76,3.13,56.97,0.02
berbera,20121005,10.44,45.01,6.5614,30.87,3.3,3.81,51.55,0.01
berbera,20121006,10.44,45.01,6.761,30.28,3.54,3.9,57.26,0.07
berbera,20121007,10.44,45.01,6.8722,29.61,3.48,3.84,58.78,0.28
berbera,20121008,10.44,45.01,6.9991,28.88,3.96,4.42,57.79,0.0
berbera,20121009,10.44,45.01,7.1544,28.04,3.51,3.84,56.44,0.0
berbera,20121010,10.44,45.01,7.0205,27.77,3.51,3.81,65.15,0.0
berbera,20121011,10.44,45.01,7.0946,27.69,3.9,4.31,66.35,0.0
berbera,20121012,10.44,45.01,7.1155,27.12,3.59,3.91,63.41,0.0
berbera,20121013,10.44,45.01,7.0889,26.82,1.94,2.06,60.77,0.0
berbera,20121014,10.44,45.01,7.0056,27.42,3.08,3.31,64.72,0.0
berbera,20121015,10.44,45.01,6.9,27.69,3.81,4.16,69.64,0.0
berbera,20121016,10.44,45.01,6.4766,27.61,3.51,3.88,68.86,0.0
berbera,20121017,10.44,45.01,6.6552,27.85,3.06,3.39,66.41,0.0
berbera,20121018,10.44,45.01,6.6936,27.46,3.82,4.25,67.2,0.0
berbera,20121019,10.44,45.01,6.5678,27.37,4.38,4.85,73.29,0.11
berbera,20121020,10.44,45.01,6.4603,27.56,5.33,5.91,72.98,0.36
berbera,20121021,10.44,45.01,4.6358,27.92,5.78,6.37,73.04,3.07
berbera,20121022,10.44,45.01,6.2369,27.43,4.83,5.37,70.88,0.56
berbera,20121023,10.44,45.01,6.683,26.84,3.85,4.35,63.37,0.0
berbera,20121024,10.44,45.01,6.581,26.74,2.83,3.13,59.46,0.0
berbera,20121025,10.44,45.01,5.406,27.84,3.59,3.99,68.04,0.27
berbera,20121026,10.44,45.01,4.0198,27.47,3.4,3.84,78.08,3.93
berbera,20121027,10.44,45.01,5.5723,27.77,3.42,3.83,78.33,5.44
berbera,20121028,10.44,45.01,6.2818,27.9,3.41,3.7,76.39,0.0
berbera,20121029,10.44,45.01,6.6096,27.17,3.82,4.27,70.95,0.0
berbera,20121030,10.44,45.01,6.6252,26.81,3.92,4.4,64.2,0.0
berbera,20121031,10.44,45.01,6.6696,26.26,4.15,4.67,68.98,0.0
berbera,20121101,10.44,45.01,6.4092,26.47,3.34,3.77,69.58,0.0
berbera,20121102,10.44,45.01,6.451,26.94,2.62,2.93,66.48,0.0
berbera,20121103,10.44,45.01,6.3922,27.55,3.33,3.78,61.29,0.0
berbera,20121104,10.44,45.01,6.3756,27.5,3.29,3.68,59.42,0.0
berbera,20121105,10.44,45.01,6.2659,27.42,3.78,4.29,57.46,0.01
berbera,20121106,10.44,45.01,6.5789,27.1,4.45,5.12,59.6,0.0
berbera,20121107,10.44,45.01,6.613,26.57,4.42,5.12,60.97,0.0
berbera,20121108,10.44,45.01,6.4721,26.03,4.17,4.76,64.79,0.0
berbera,20121109,10.44,45.01,6.27,25.78,3.4,3.83,68.88,0.0
berbera,20121110,10.44,45.01,4.8456,26.85,3.88,4.26,73.68,2.9
berbera,20121111,10.44,45.01,5.7533,26.95,3.91,4.42,75.56,1.91
berbera,20121112,10.44,45.01,6.2119,26.43,3.83,4.28,72.05,0.01
berbera,20121113,10.44,45.01,6.0262,26.7,3.85,4.14,73.03,0.02
berbera,20121114,10.44,45.01,5.533,27.16,4.44,4.82,77.35,0.37
berbera,20121115,10.44,45.01,5.3232,27.35,4.73,5.17,78.08,0.42
berbera,20121116,10.44,45.01,5.0359,26.66,4.92,5.48,78.56,0.56
berbera,20121117,10.44,45.01,6.1798,26.06,4.91,5.65,70.93,0.0
berbera,20121118,10.44,45.01,5.8538,26.07,4.18,4.74,74.43,0.0
berbera,20121119,10.44,45.01,6.1781,25.7,3.91,4.42,72.11,0.0
berbera,20121120,10.44,45.01,5.9196,25.87,3.85,4.27,75.41,0.0
berbera,20121121,10.44,45.01,6.0718,25.94,3.9,4.39,72.42,0.0
berbera,20121122,10.44,45.01,6.1433,25.7,4.33,4.99,70.96,0.0
berbera,20121123,10.44,45.01,6.085,25.8,4.18,4.78,71.82,0.0
berbera,20121124,10.44,45.01,5.6119,26.06,4.06,4.49,73.5,0.0
berbera,20121125,10.44,45.01,5.8922,26.07,4.21,4.65,74.41,0.0
berbera,20121126,10.44,45.01,5.7804,26.01,4.11,4.48,74.17,0.0
berbera,20121127,10.44,45.01,5.9832,26.45,3.79,4.12,74.28,0.01
berbera,20121128,10.44,45.01,5.4948,26.69,4.5,4.99,77.52,0.01
berbera,20121129,10.44,45.01,5.5942,26.16,5.16,5.82,76.5,0.04
berbera,20121130,10.44,45.01,5.6681,25.82,4.76,5.28,77.8,0.05
berbera,20121201,10.44,45.01,5.6899,25.7,4.91,5.66,72.24,0.04
berbera,20121202,10.44,45.01,5.9093,25.71,4.55,5.18,74.69,0.01
berbera,20121203,10.44,45.01,5.6664,26.06,4.4,4.91,71.88,0.0
berbera,20121204,10.44,45.01,5.5476,26.17,4.68,5.19,72.37,0.0
berbera,20121205,10.44,45.01,5.365,26.15,4.6,5.13,72.19,0.03
berbera,20121206,10.44,45.01,5.6326,25.69,3.71,4.13,74.35,0.0
berbera,20121207,10.44,45.01,5.8747,25.49,3.52,3.95,70.79,0.0
berbera,20121208,10.44,45.01,5.9465,25.06,3.87,4.44,75.26,0.0
berbera,20121209,10.44,45.01,5.2639,25.27,3.71,4.2,79.21,0.0
berbera,20121210,10.44,45.01,5.7305,25.42,4.23,4.87,76.11,0.0
berbera,20121211,10.44,45.01,4.7011,25.51,4.02,4.5,79.73,0.0
berbera,20121212,10.44,45.01,4.8746,25.44,3.73,4.14,79.33,0.63
berbera,20121213,10.44,45.01,5.8349,25.48,3.77,4.17,75.14,0.03
berbera,20121214,10.44,45.01,5.7931,25.24,4.05,4.55,73.35,0.01
berbera,20121215,10.44,45.01,5.7451,25.6,4.24,4.78,73.11,0.05
berbera,20121216,10.44,45.01,5.537,25.72,5.15,5.74,75.4,0.23
berbera,20121217,10.44,45.01,4.3382,26.15,5.53,6.19,78.13,0.94
berbera,20121218,10.44,45.01,5.425,25.77,6.65,7.75,74.46,0.16
berbera,20121219,10.44,45.01,5.5375,25.31,5.85,6.95,70.4,0.06
berbera,20121220,10.44,45.01,5.5822,25.14,5.17,6.08,69.86,0.05
berbera,20121221,10.44,45.01,5.2663,25.18,4.39,4.98,74.91,0.02
berbera,20121222,10.44,45.01,5.5387,24.94,3.71,4.23,74.88,0.25
berbera,20121223,10.44,45.01,5.7125,25.03,3.47,3.93,72.84,1.06
berbera,20121224,10.44,45.01,4.7398,24.51,3.06,3.49,71.98,0.44
berbera,20121225,10.44,45.01,5.1418,24.81,2.52,2.81,73.64,1.19
berbera,20121226,10.44,45.01,5.339,24.74,2.11,2.2,73.41,0.05
berbera,20121227,10.44,45.01,6.0139,24.52,2.23,2.43,65.5,0.02
berbera,20121228,10.44,45.01,5.8253,24.5,3.39,3.86,73.41,0.09
berbera,20121229,10.44,45.01,5.5656,24.91,4.62,5.34,74.23,0.1
berbera,20121230,10.44,45.01,5.7902,24.55,3.96,4.5,72.19,0.2
berbera,20121231,10.44,45.01,5.6966,24.45,3.78,4.28,73.95,0.12
berbera,20130101,10.44,45.01,5.6868,24.04,4.73,5.4,68.88,0.0
berbera,20130102,10.44,45.01,5.9957,23.44,3.99,4.54,68.76,0.0
berbera,20130103,10.44,45.01,5.9861,23.33,3.27,3.71,68.86,0.0
berbera,20130104,10.44,45.01,5.7785,24.11,3.74,4.25,70.63,0.0
berbera,20130105,10.44,45.01,4.8564,25.22,4.52,4.99,74.1,0.0
berbera,20130106,10.44,45.01,4.6606,25.96,4.41,4.83,77.54,0.3
berbera,20130107,10.44,45.01,4.003,26.13,4.19,4.7,80.29,0.22
berbera,20130108,10.44,45.01,4.501,26.12,3.91,4.34,80.07,0.44
berbera,20130109,10.44,45.01,5.6242,26.06,3.62,4.05,77.74,0.16
berbera,20130110,10.44,45.01,5.1074,25.76,3.15,3.47,76.31,0.11
berbera,20130111,10.44,45.01,5.5927,25.54,2.74,3.03,76.0,0.0
berbera,20130112,10.44,45.01,5.279,25.25,5.99,6.84,77.45,0.0
berbera,20130113,10.44,45.01,5.6146,25.09,6.27,7.15,72.83,0.0
berbera,20130114,10.44,45.01,4.2216,25.04,5.56,6.24,72.3,0.0
berbera,20130115,10.44,45.01,5.436,24.89,4.98,5.69,74.45,0.0
berbera,20130116,10.44,45.01,5.9863,24.53,6.06,7.13,69.01,0.0
berbera,20130117,10.44,45.01,5.8992,24.11,6.05,7.1,68.97,0.0
berbera,20130118,10.44,45.01,6.1853,23.57,5.92,6.87,64.98,0.0
berbera,20130119,10.44,45.01,5.7559,23.75,5.09,5.93,70.17,0.0
berbera,20130120,10.44,45.01,5.5735,24.06,4.4,4.98,69.36,0.0
berbera,20130121,10.44,45.01,6.0235,23.96,3.64,4.12,70.62,0.0
berbera,20130122,10.44,45.01,6.0994,24.27,4.6,5.31,73.54,0.0
berbera,20130123,10.44,45.01,6.3761,24.19,4.84,5.6,72.64,0.0
berbera,20130124,10.44,45.01,6.1692,24.16,5.42,6.3,72.08,0.0
berbera,20130125,10.44,45.01,5.8634,24.17,5.04,5.82,71.53,0.0
berbera,20130126,10.44,45.01,5.9813,23.86,5.33,6.17,71.26,0.0
berbera,20130127,10.44,45.01,6.4298,23.78,5.08,5.88,70.55,0.0
berbera,20130128,10.44,45.01,6.3922,24.12,4.05,4.51,73.56,0.0
berbera,20130129,10.44,45.01,6.4476,24.96,4.18,4.62,70.19,0.0
berbera,20130130,10.44,45.01,5.79,25.26,3.76,4.09,72.88,0.0
berbera,20130131,10.44,45.01,6.2064,25.5,4.07,4.5,73.34,0.0
berbera,20130201,10.44,45.01,6.1332,25.3,3.11,3.3,73.01,0.0
berbera,20130202,10.44,45.01,5.7775,24.99,2.63,2.7,77.34,0.0
berbera,20130203,10.44,45.01,5.2745,25.14,4.3,4.84,78.9,0.0
berbera,20130204,10.44,45.01,5.7463,25.13,5.44,6.31,73.62,0.0
berbera,20130205,10.44,45.01,6.3377,24.47,6.16,7.13,63.72,0.0
berbera,20130206,10.44,45.01,6.3991,23.88,6.62,7.63,67.05,0.0
berbera,20130207,10.44,45.01,6.2309,23.67,6.41,7.4,66.97,0.0
berbera,20130208,10.44,45.01,6.3816,23.68,5.06,5.85,68.19,0.0
berbera,20130209,10.44,45.01,6.5712,23.8,4.36,4.91,71.75,0.0
berbera,20130210,10.44,45.01,6.6365,23.96,3.95,4.32,74.27,0.0
berbera,20130211,10.44,45.01,6.6955,23.82,4.24,4.72,73.98,0.0
berbera,20130212,10.44,45.01,6.3259,23.87,4.01,4.39,74.27,0.0
berbera,20130213,10.44,45.01,6.5503,24.2,3.61,3.96,73.81,0.0
berbera,20130214,10.44,45.01,6.6329,24.14,3.99,4.44,71.66,0.0
berbera,20130215,10.44,45.01,6.7951,23.71,3.86,4.34,72.61,0.0
berbera,20130216,10.44,45.01,6.7913,24.19,4.05,4.58,71.26,0.0
berbera,20130217,10.44,45.01,6.9874,23.87,4.07,4.52,70.19,0.0
berbera,20130218,10.44,45.01,6.8191,24.29,3.89,4.16,71.63,0.0
berbera,20130219,10.44,45.01,6.7819,25.15,4.37,4.77,72.92,0.0
berbera,20130220,10.44,45.01,6.4824,24.77,3.31,3.59,76.08,0.0
berbera,20130221,10.44,45.01,6.7874,24.49,3.17,3.42,73.04,0.0
berbera,20130222,10.44,45.01,6.8076,25.25,4.73,5.21,74.36,0.0
berbera,20130223,10.44,45.01,6.833,25.82,5.06,5.65,71.9,0.0
berbera,20130224,10.44,45.01,6.8203,25.95,4.58,5.04,73.57,0.0
berbera,20130225,10.44,45.01,6.8803,25.5,3.98,4.41,76.8,0.0
berbera,20130226,10.44,45.01,6.9408,25.13,4.15,4.68,70.32,0.0
berbera,20130227,10.44,45.01,6.8693,24.78,5.29,6.08,68.25,0.0
berbera,20130228,10.44,45.01,6.708,25.06,5.39,6.09,65.09,0.0
berbera,20130301,10.44,45.01,6.1982,25.22,5.68,6.35,69.42,0.0
berbera,20130302,10.44,45.01,6.474,25.29,5.5,6.16,69.27,0.0
berbera,20130303,10.44,45.01,6.9398,24.92,5.39,6.03,72.06,0.0
berbera,20130304,10.44,45.01,6.8333,24.83,4.77,5.3,72.8,0.0
berbera,20130305,10.44,45.01,6.9079,25.06,4.17,4.63,75.84,0.0
berbera,20130306,10.44,45.01,6.8299,25.78,4.37,4.8,71.66,0.0
berbera,20130307,10.44,45.01,6.8143,25.95,4.18,4.54,72.77,0.0
berbera,20130308,10.44,45.01,6.9559,26.13,4.66,5.18,75.27,0.01
berbera,20130309,10.44,45.01,6.9499,25.91,4.57,5.08,72.93,0.0
berbera,20130310,10.44,45.01,7.1582,26.16,3.72,3.99,71.88,0.0
berbera,20130311,10.44,45.01,6.4411,26.49,3.2,3.26,74.42,0.12
berbera,20130312,10.44,45.01,5.8433,26.73,3.29,3.62,77.87,1.15
berbera,20130313,10.44,45.01,6.6533,26.86,3.74,4.19,78.29,1.21
berbera,20130314,10.44,45.01,6.9766,26.64,3.76,4.17,74.41,0.24
berbera,20130315,10.44,45.01,7.1556,26.47,4.01,4.5,70.21,0.0
berbera,20130316,10.44,45.01,7.2526,26.46,4.82,5.43,65.18,0.0
berbera,20130317,10.44,45.01,6.9955,27.03,5.32,6.01,67.94,0.0
berbera,20130318,10.44,45.01,6.7558,27.03,4.09,4.54,74.95,4.2
berbera,20130319,10.44,45.01,6.5801,26.83,3.59,4.02,79.28,10.66
berbera,20130320,10.44,45.01,6.5964,27.09,3.47,4.08,80.7,14.24
berbera,20130321,10.44,45.01,6.066,26.87,3.15,3.53,81.82,11.34
berbera,20130322,10.44,45.01,5.7202,28.04,2.76,3.3,74.7,1.54
berbera,20130323,10.44,45.01,5.299,28.48,2.12,2.83,71.98,2.3
berbera,20130324,10.44,45.01,6.7046,28.57,3.42,4.05,72.81,1.16
berbera,20130325,10.44,45.01,4.2014,27.94,2.75,3.13,76.85,2.18
berbera,20130326,10.44,45.01,6.5513,27.58,3.21,3.66,77.58,1.38
berbera,20130327,10.44,45.01,6.4502,27.91,4.63,5.44,74.23,0.75
berbera,20130328,10.44,45.01,6.401,27.76,4.27,4.88,76.68,1.53
berbera,20130329,10.44,45.01,5.7142,28.4,2.66,3.3,73.6,3.81
berbera,20130330,10.44,45.01,5.6062,28.04,4.1,4.69,73.82,1.21
berbera,20130331,10.44,45.01,6.4123,28.07,3.72,4.2,74.78,1.56
berbera,20130401,10.44,45.01,6.0802,27.86,3.34,3.71,76.76,3.49
berbera,20130402,10.44,45.01,5.6846,27.94,2.97,3.24,76.85,2.58
berbera,20130403,10.44,45.01,5.977,28.22,2.61,3.07,73.21,2.53
berbera,20130404,10.44,45.01,6.87,28.05,2.3,2.69,71.23,1.43
berbera,20130405,10.44,45.01,7.1851,28.41,2.73,3.05,65.51,0.19
berbera,20130406,10.44,45.01,7.1273,28.34,2.3,2.36,66.79,0.3
berbera,20130407,10.44,45.01,7.0058,28.19,2.43,2.61,72.51,2.14
berbera,20130408,10.44,45.01,6.7817,28.25,2.87,3.1,75.88,1.77
berbera,20130409,10.44,45.01,6.6986,28.47,2.82,3.28,72.64,0.65
berbera,20130410,10.44,45.01,6.9026,28.48,3.03,3.46,73.56,0.15
berbera,20130411,10.44,45.01,5.97,28.13,3.64,3.82,79.47,0.03
berbera,20130412,10.44,45.01,6.6547,28.21,4.45,4.95,78.7,0.02
berbera,20130413,10.44,45.01,7.1674,28.3,4.24,4.78,74.8,0.01
berbera,20130414,10.44,45.01,7.2178,28.58,3.18,3.48,73.86,0.01
berbera,20130415,10.44,45.01,7.049,29.15,3.2,3.59,70.75,0.0
berbera,20130416,10.44,45.01,7.0968,29.64,3.2,3.74,69.14,0.18
berbera,20130417,10.44,45.01,7.1875,29.91,3.33,3.92,67.85,0.03
berbera,20130418,10.44,45.01,7.3022,29.98,2.77,3.3,70.41,0.02
berbera,20130419,10.44,45.01,7.0735,29.71,2.2,2.58,71.83,0.35
berbera,20130420,10.44,45.01,6.7673,29.0,1.9,2.02,76.2,1.21
berbera,20130421,10.44,45.01,6.7502,28.98,2.04,2.41,75.59,2.9
berbera,20130422,10.44,45.01,6.487,28.84,2.31,2.62,78.5,3.26
berbera,20130423,10.44,45.01,6.1222,27.96,2.17,2.36,80.91,7.3
berbera,20130424,10.44,45.01,6.4742,28.56,2.07,2.34,77.25,6.48
berbera,20130425,10.44,45.01,6.4445,29.41,2.85,3.43,73.91,3.36
berbera,20130426,10.44,45.01,7.0574,29.72,3.28,4.11,71.35,0.79
berbera,20130427,10.44,45.01,6.9862,30.3,3.54,4.56,67.71,0.65
berbera,20130428,10.44,45.01,7.0322,30.09,3.26,4.31,69.67,0.19
berbera,20130429,10.44,45.01,7.247,30.3,3.41,4.2,65.71,0.4
berbera,20130430,10.44,45.01,7.4417,30.7,4.1,5.03,65.22,0.09
berbera,20130501,10.44,45.01,7.2118,30.93,4.16,5.39,63.18,0.24
berbera,20130502,10.44,45.01,6.348,30.53,4.47,5.51,66.31,0.71
berbera,20130503,10.44,45.01,6.0811,30.48,3.33,3.96,66.81,0.66
berbera,20130504,10.44,45.01,7.133,30.37,3.26,3.77,66.79,1.7
berbera,20130505,10.44,45.01,6.6254,30.63,3.02,3.65,66.31,1.07
berbera,20130506,10.44,45.01,6.4781,31.01,2.99,3.57,64.71,0.08
berbera,20130507,10.44,45.01,6.7541,31.21,2.77,3.34,62.06,0.19
berbera,20130508,10.44,45.01,7.2434,30.46,3.58,4.22,67.41,0.78
berbera,20130509,10.44,45.01,7.1158,30.22,2.94,3.3,70.23,0.96
berbera,20130510,10.44,45.01,6.9389,30.1,2.53,2.98,70.76,1.37
berbera,20130511,10.44,45.01,6.9902,30.47,2.57,3.04,68.5,0.05
berbera,20130512,10.44,45.01,6.6137,30.92,3.08,3.76,64.29,0.0
berbera,20130513,10.44,45.01,7.0531,31.61,4.07,4.94,60.98,0.0
berbera,20130514,10.44,45.01,7.0394,31.31,4.9,5.78,61.81,0.0
berbera,20130515,10.44,45.01,6.8038,31.3,4.42,5.3,59.32,0.0
berbera,20130516,10.44,45.01,7.2624,31.18,3.89,4.66,61.25,0.0
berbera,20130517,10.44,45.01,7.1124,30.21,3.53,4.03,64.73,0.0
berbera,20130518,10.44,45.01,7.2761,30.16,3.19,3.81,59.95,0.0
berbera,20130519,10.44,45.01,7.1772,30.96,2.91,3.61,54.21,0.0
berbera,20130520,10.44,45.01,6.8837,31.4,3.65,4.44,57.0,0.0
berbera,20130521,10.44,45.01,6.9655,31.84,4.43,5.32,59.32,0.0
berbera,20130522,10.44,45.01,6.7956,32.14,4.16,4.99,58.68,0.0
berbera,20130523,10.44,45.01,6.9535,32.31,4.42,5.24,56.65,0.0
berbera,20130524,10.44,45.01,6.9134,32.56,4.03,4.71,56.43,0.0
berbera,20130525,10.44,45.01,7.0171,32.51,3.79,4.42,56.71,0.05
berbera,20130526,10.44,45.01,6.99,32.92,4.05,4.8,53.35,0.0
berbera,20130527,10.44,45.01,6.7807,33.04,6.39,7.76,54.22,0.0
berbera,20130528,10.44,45.01,7.0534,32.55,6.61,7.89,55.34,0.0
berbera,20130529,10.44,45.01,7.1256,32.75,5.86,6.98,56.56,0.0
berbera,20130530,10.44,45.01,7.1035,33.59,6.26,7.74,53.65,0.01
berbera,20130531,10.44,45.01,6.6998,32.83,5.67,6.94,55.91,0.01
berbera,20130601,10.44,45.01,6.5081,33.01,6.36,7.55,55.11,0.0
berbera,20130602,10.44,45.01,6.9686,32.81,6.91,8.29,51.35,0.0
berbera,20130603,10.44,45.01,6.9228,32.69,7.98,9.75,49.14,0.0
berbera,20130604,10.44,45.01,6.6986,32.56,8.81,10.75,50.62,0.0
berbera,20130605,10.44,45.01,5.8982,32.44,8.36,10.18,52.9,0.0
berbera,20130606,10.44,45.01,6.2657,32.36,7.82,9.5,52.66,0.0
berbera,20130607,10.44,45.01,5.8313,32.25,7.66,9.34,50.58,0.0
berbera,20130608,10.44,45.01,5.7511,32.5,7.56,9.21,49.94,0.0
berbera,20130609,10.44,45.01,5.8301,32.42,7.0,8.36,50.13,0.0
berbera,20130610,10.44,45.01,5.6194,32.11,7.26,8.7,52.88,0.0
berbera,20130611,10.44,45.01,6.3893,32.91,8.49,10.37,48.38,0.0
berbera,20130612,10.44,45.01,6.0029,32.59,8.01,9.8,51.74,0.0
berbera,20130613,10.44,45.01,6.0972,32.29,7.73,9.56,52.44,0.0
berbera,20130614,10.44,45.01,6.2453,32.81,7.91,9.9,49.03,0.0
berbera,20130615,10.44,45.01,6.5009,33.2,6.76,8.74,48.66,0.0
berbera,20130616,10.44,45.01,6.0374,32.79,7.49,9.62,52.74,0.0
berbera,20130617,10.44,45.01,5.1866,32.82,8.2,10.15,49.94,0.09
berbera,20130618,10.44,45.01,5.9342,32.4,9.02,11.1,49.41,0.02
berbera,20130619,10.44,45.01,6.2952,32.52,8.92,10.9,46.64,0.0
berbera,20130620,10.44,45.01,6.5311,32.69,8.24,10.33,46.67,0.0
berbera,20130621,10.44,45.01,5.1062,32.52,8.46,10.56,48.96,0.0
berbera,20130622,10.44,45.01,5.7994,32.96,9.89,12.27,45.23,0.0
berbera,20130623,10.44,45.01,6.5314,32.88,8.1,10.29,47.03,0.0
berbera,20130624,10.44,45.01,6.5719,32.81,8.66,10.96,46.56,0.09
berbera,20130625,10.44,45.01,6.7409,32.72,8.84,11.29,46.71,0.0
berbera,20130626,10.44,45.01,6.6319,32.8,8.13,10.27,46.36,0.0
berbera,20130627,10.44,45.01,6.5995,32.83,7.76,9.71,44.88,0.0
berbera,20130628,10.44,45.01,6.6775,32.88,7.51,9.39,49.18,0.0
berbera,20130629,10.44,45.01,6.96,32.94,8.2,10.16,48.79,0.0
berbera,20130630,10.44,45.01,6.9168,32.63,8.93,10.91,46.96,0.0
berbera,20130701,10.44,45.01,5.7446,32.79,7.87,9.99,46.02,0.0
berbera,20130702,10.44,45.01,6.4202,33.29,7.8,9.79,43.95,0.0
berbera,20130703,10.44,45.01,6.4632,33.23,10.42,12.86,46.42,0.0
berbera,20130704,10.44,45.01,5.8075,33.16,8.51,10.59,48.17,0.0
berbera,20130705,10.44,45.01,5.9021,33.13,9.56,11.85,44.04,0.0
berbera,20130706,10.44,45.01,6.3811,32.59,10.66,13.14,44.08,0.0
berbera,20130707,10.44,45.01,6.6329,32.55,8.89,11.06,47.13,0.0
berbera,20130708,10.44,45.01,5.6448,32.63,8.65,10.71,44.99,0.03
berbera,20130709,10.44,45.01,5.6172,32.49,10.33,12.68,47.41,0.01
berbera,20130710,10.44,45.01,4.8403,31.98,13.25,16.04,47.48,0.0
berbera,20130711,10.44,45.01,5.1331,31.61,13.72,16.67,47.63,0.0
berbera,20130712,10.44,45.01,5.3234,31.98,8.73,10.86,49.49,0.13
berbera,20130713,10.44,45.01,5.6969,30.79,8.79,11.04,54.06,1.59
berbera,20130714,10.44,45.01,5.8514,31.28,10.2,12.94,52.02,1.57
berbera,20130715,10.44,45.01,3.8328,31.68,9.87,12.4,48.88,0.13
berbera,20130716,10.44,45.01,5.3189,31.97,8.22,10.62,51.03,0.02
berbera,20130717,10.44,45.01,4.2509,31.43,9.24,11.97,52.72,0.51
berbera,20130718,10.44,45.01,6.3593,31.41,9.02,11.5,52.51,0.22
berbera,20130719,10.44,45.01,6.0295,31.72,9.73,12.35,50.71,0.12
berbera,20130720,10.44,45.01,6.0454,31.44,11.76,14.8,49.21,0.03
berbera,20130721,10.44,45.01,5.8248,30.27,11.58,14.44,53.0,0.54
berbera,20130722,10.44,45.01,5.8934,30.85,11.68,14.47,49.67,0.42
berbera,20130723,10.44,45.01,6.5054,31.29,9.33,11.66,49.05,0.08
berbera,20130724,10.44,45.01,6.0427,31.55,8.47,10.84,50.27,0.28
berbera,20130725,10.44,45.01,5.2277,31.63,9.69,12.35,49.67,0.14
berbera,20130726,10.44,45.01,5.5848,32.07,9.72,12.5,49.42,0.22
berbera,20130727,10.44,45.01,5.5994,31.77,9.21,11.61,51.62,0.7
berbera,20130728,10.44,45.01,5.771,31.81,9.49,11.93,48.5,0.32
berbera,20130729,10.44,45.01,6.3432,31.91,7.31,9.41,49.25,0.55
berbera,20130730,10.44,45.01,6.1308,31.89,7.33,9.6,50.73,0.06
berbera,20130731,10.44,45.01,6.2474,31.92,8.91,11.36,49.02,0.08
berbera,20130801,10.44,45.01,6.0233,31.25,8.71,11.25,50.18,0.01
berbera,20130802,10.44,45.01,6.2112,30.59,7.1,9.19,57.22,0.04
berbera,20130803,10.44,45.01,5.8692,30.61,6.59,8.56,56.97,0.06
berbera,20130804,10.44,45.01,4.1335,30.57,7.84,10.17,52.22,0.12
berbera,20130805,10.44,45.01,5.5238,30.63,7.05,9.08,52.38,0.55
berbera,20130806,10.44,45.01,6.7538,30.66,6.38,8.01,53.69,0.09
berbera,20130807,10.44,45.01,6.6564,31.36,6.72,8.69,51.61,0.11
berbera,20130808,10.44,45.01,5.7266,30.34,7.86,9.49,56.72,0.03
berbera,20130809,10.44,45.01,6.449,32.01,10.08,12.88,49.07,0.2
berbera,20130810,10.44,45.01,6.7586,32.44,10.51,13.25,45.16,0.05
berbera,20130811,10.44,45.01,6.9701,32.53,7.38,9.57,47.11,0.05
berbera,20130812,10.44,45.01,6.2678,32.13,7.42,9.54,50.37,0.44
berbera,20130813,10.44,45.01,5.3146,31.83,9.53,12.05,49.95,0.1
berbera,20130814,10.44,45.01,6.2662,31.69,6.73,8.57,53.0,0.07
berbera,20130815,10.44,45.01,6.942,31.77,6.27,8.14,53.93,0.02
berbera,20130816,10.44,45.01,6.3494,32.28,6.38,8.37,50.94,0.02
berbera,20130817,10.44,45.01,6.4942,31.32,7.5,9.27,54.68,0.04
berbera,20130818,10.44,45.01,6.606,31.99,6.92,8.72,51.44,0.01
berbera,20130819,10.44,45.01,6.3984,32.0,6.61,8.24,50.86,0.21
berbera,20130820,10.44,45.01,7.0598,32.31,6.64,8.48,51.2,0.17
berbera,20130821,10.44,45.01,6.2146,32.14,5.78,7.45,52.62,0.03
berbera,20130822,10.44,45.01,6.9091,32.4,6.7,8.68,50.28,0.09
berbera,20130823,10.44,45.01,6.8642,32.5,7.67,9.73,49.3,0.43
berbera,20130824,10.44,45.01,6.3578,31.91,5.93,7.67,52.61,0.28
berbera,20130825,10.44,45.01,6.5962,31.72,6.51,8.14,51.32,0.51
berbera,20130826,10.44,45.01,6.8914,32.4,7.61,9.53,46.48,0.0
berbera,20130827,10.44,45.01,6.9437,32.06,7.25,9.4,49.68,0.27
berbera,20130828,10.44,45.01,6.9833,32.15,7.94,10.11,48.27,0.06
berbera,20130829,10.44,45.01,7.0176,31.52,7.36,9.41,51.23,0.09
berbera,20130830,10.44,45.01,7.0118,32.08,6.28,7.99,49.23,0.0
berbera,20130831,10.44,45.01,6.9826,32.24,4.54,5.82,49.96,0.0
berbera,20130901,10.44,45.01,6.8527,32.44,4.27,5.53,53.75,0.2
berbera,20130902,10.44,45.01,6.6605,32.57,4.39,5.5,55.85,0.29
berbera,20130903,10.44,45.01,6.5923,31.92,4.89,5.92,57.19,0.3
berbera,20130904,10.44,45.01,6.9374,31.84,4.73,5.59,56.68,0.08
berbera,20130905,10.44,45.01,7.1498,32.4,5.6,6.8,53.56,0.26
berbera,20130906,10.44,45.01,7.1081,32.64,5.8,7.12,49.5,0.01
berbera,20130907,10.44,45.01,6.9953,32.28,5.05,6.05,50.85,0.13
berbera,20130908,10.44,45.01,6.8105,32.45,5.05,6.32,51.3,0.0
berbera,20130909,10.44,45.01,6.505,32.62,5.94,7.22,51.04,0.0
berbera,20130910,10.44,45.01,6.8354,32.24,4.94,6.08,52.73,0.0
berbera,20130911,10.44,45.01,6.9998,32.69,3.7,4.66,50.85,0.0
berbera,20130912,10.44,45.01,6.5566,32.98,3.53,4.6,54.26,0.0
berbera,20130913,10.44,45.01,6.4579,32.82,4.64,5.76,53.58,0.19
berbera,20130914,10.44,45.01,6.8808,32.07,3.73,4.39,57.73,0.02
berbera,20130915,10.44,45.01,6.5477,32.35,2.62,3.14,55.81,0.11
berbera,20130916,10.44,45.01,6.8957,33.07,4.84,6.03,49.35,0.02
berbera,20130917,10.44,45.01,6.769,33.3,5.51,6.97,49.06,0.0
berbera,20130918,10.44,45.01,6.7474,32.72,5.78,7.06,51.51,0.0
berbera,20130919,10.44,45.01,6.9053,31.97,4.54,5.33,56.45,0.08
berbera,20130920,10.44,45.01,6.9362,31.68,3.6,4.08,57.34,0.0
berbera,20130921,10.44,45.01,6.8556,32.54,3.91,4.7,46.68,0.0
berbera,20130922,10.44,45.01,6.4222,32.67,4.07,4.79,49.59,0.01
berbera,20130923,10.44,45.01,6.6394,32.61,4.66,5.59,53.14,0.01
berbera,20130924,10.44,45.01,6.461,32.74,4.87,5.95,51.59,0.0
berbera,20130925,10.44,45.01,6.8023,32.84,4.04,4.84,50.33,0.0
berbera,20130926,10.44,45.01,6.5359,32.66,3.64,4.38,51.26,0.0
berbera,20130927,10.44,45.01,6.3338,32.36,3.6,4.22,50.7,0.0
berbera,20130928,10.44,45.01,6.4879,32.4,3.32,3.82,50.56,0.02
berbera,20130929,10.44,45.01,6.329,32.01,3.02,3.27,60.0,0.37
berbera,20130930,10.44,45.01,6.3638,33.35,3.23,4.13,53.53,0.11
berbera,20131001,10.44,45.01,6.5256,33.12,4.75,5.61,52.83,0.0
berbera,20131002,10.44,45.01,6.3271,32.8,4.77,5.58,53.54,0.24
berbera,20131003,10.44,45.01,6.3115,32.06,4.34,4.93,57.67,0.84
berbera,20131004,10.44,45.01,5.808,32.08,3.68,4.09,57.64,0.66
berbera,20131005,10.44,45.01,5.4516,32.33,3.78,4.52,57.56,1.01
berbera,20131006,10.44,45.01,6.3768,31.48,4.66,5.29,57.91,2.23
berbera,20131007,10.44,45.01,6.0055,31.02,2.76,3.03,58.11,1.52
berbera,20131008,10.44,45.01,6.4409,30.55,2.86,3.11,59.85,0.77
berbera,20131009,10.44,45.01,5.9549,29.96,2.46,2.68,64.71,2.63
berbera,20131010,10.44,45.01,6.5311,29.57,2.64,2.84,65.26,0.8
berbera,20131011,10.44,45.01,6.6408,29.55,2.32,2.47,62.86,0.1
berbera,20131012,10.44,45.01,5.9846,30.55,2.14,2.33,58.84,0.39
berbera,20131013,10.44,45.01,6.7159,30.46,2.63,2.91,58.12,0.0
berbera,20131014,10.44,45.01,6.7987,30.51,3.33,3.75,53.69,0.0
berbera,20131015,10.44,45.01,6.7922,30.27,3.06,3.42,54.28,0.0
berbera,20131016,10.44,45.01,6.893,30.24,3.3,3.73,51.74,0.0
berbera,20131017,10.44,45.01,6.7579,30.07,3.77,4.27,55.34,0.0
berbera,20131018,10.44,45.01,6.5513,29.57,4.17,4.7,62.16,0.1
berbera,20131019,10.44,45.01,6.4058,28.94,3.53,3.91,65.87,0.17
berbera,20131020,10.44,45.01,6.3353,28.58,3.26,3.58,67.3,0.04
berbera,20131021,10.44,45.01,6.4414,28.41,3.03,3.26,69.73,0.37
berbera,20131022,10.44,45.01,5.2104,28.7,2.54,2.66,70.59,0.84
berbera,20131023,10.44,45.01,5.9482,28.89,4.15,4.73,65.46,0.63
berbera,20131024,10.44,45.01,6.7498,28.2,3.83,4.3,62.96,0.11
berbera,20131025,10.44,45.01,6.8402,27.72,2.6,2.83,61.05,0.0
berbera,20131026,10.44,45.01,6.7726,28.52,3.78,4.33,56.25,0.0
berbera,20131027,10.44,45.01,6.8112,28.67,4.03,4.62,51.58,0.0
berbera,20131028,10.44,45.01,6.7488,28.18,2.99,3.28,57.27,0.0
berbera,20131029,10.44,45.01,6.6902,28.03,3.46,3.85,63.65,0.02
berbera,20131030,10.44,45.01,6.5573,27.75,4.42,4.93,68.36,0.06
berbera,20131031,10.44,45.01,6.42,27.34,4.34,4.96,67.88,0.07
berbera,20131101,10.44,45.01,6.4819,27.42,4.16,4.65,68.71,0.08
berbera,20131102,10.44,45.01,6.474,27.72,4.47,4.94,72.58,2.85
berbera,20131103,10.44,45.01,6.2489,27.73,4.52,5.05,76.73,2.7
berbera,20131104,10.44,45.01,5.3995,27.64,4.43,4.99,77.76,7.22
berbera,20131105,10.44,45.01,5.4912,27.25,4.19,4.72,81.6,9.13
berbera,20131106,10.44,45.01,5.4749,26.78,3.69,4.21,81.57,2.63
berbera,20131107,10.44,45.01,5.9822,26.98,4.03,4.65,73.9,0.73
berbera,20131108,10.44,45.01,6.0223,26.73,3.87,4.51,69.74,0.24
berbera,20131109,10.44,45.01,5.9069,26.97,4.29,4.92,71.7,0.15
berbera,20131110,10.44,45.01,5.9494,26.67,3.75,4.34,70.42,0.29
berbera,20131111,10.44,45.01,2.6638,26.0,3.71,4.2,81.35,2.1
berbera,20131112,10.44,45.01,3.5083,26.19,6.62,7.6,85.24,2.97
berbera,20131113,10.44,45.01,4.5586,27.24,5.24,5.93,79.77,0.57
berbera,20131114,10.44,45.01,5.7192,27.2,4.45,4.94,78.85,0.22
berbera,20131115,10.44,45.01,5.9465,27.0,4.38,4.97,75.2,0.22
berbera,20131116,10.44,45.01,6.1181,26.65,3.82,4.25,73.74,0.05
berbera,20131117,10.44,45.01,6.1363,26.67,3.74,4.19,74.26,0.0
berbera,20131118,10.44,45.01,6.2201,26.72,4.84,5.56,72.25,0.0
berbera,20131119,10.44,45.01,6.2767,26.79,4.48,5.1,70.46,0.0
berbera,20131120,10.44,45.01,6.0233,26.8,3.8,4.22,72.28,0.0
berbera,20131121,10.44,45.01,6.3374,26.64,2.92,3.22,70.96,0.0
berbera,20131122,10.44,45.01,6.1958,26.83,3.13,3.5,71.03,0.0
berbera,20131123,10.44,45.01,6.0358,26.68,3.74,4.24,73.86,0.01
berbera,20131124,10.44,45.01,5.6172,26.88,4.17,4.67,75.09,0.11
berbera,20131125,10.44,45.01,5.635,26.71,5.31,6.16,73.53,0.04
berbera,20131126,10.44,45.01,6.0761,26.05,5.0,5.8,69.58,0.02
berbera,20131127,10.44,45.01,5.9863,25.7,4.6,5.33,67.19,0.0
berbera,20131128,10.44,45.01,6.1454,25.02,4.0,4.6,59.52,0.0
berbera,20131129,10.44,45.01,6.2666,24.96,4.28,4.99,58.35,0.0
berbera,20131130,10.44,45.01,6.1721,24.9,4.75,5.52,66.43,0.0
berbera,20131201,10.44,45.01,5.9604,25.11,4.24,4.9,69.39,0.0
berbera,20131202,10.44,45.01,5.3419,25.22,4.09,4.71,74.52,0.1
berbera,20131203,10.44,45.01,6.0283,24.7,3.49,3.96,67.47,0.01
berbera,20131204,10.44,45.01,6.2813,24.54,3.51,3.98,62.76,0.0
berbera,20131205,10.44,45.01,6.1231,24.26,3.74,4.2,71.09,0.01
berbera,20131206,10.44,45.01,5.8426,24.48,3.49,3.91,71.23,0.0
berbera,20131207,10.44,45.01,6.0461,23.89,2.52,2.76,68.58,0.0
berbera,20131208,10.44,45.01,6.1138,24.58,3.28,3.73,71.65,0.0
berbera,20131209,10.44,45.01,6.1555,24.53,2.66,2.98,67.68,0.0
berbera,20131210,10.44,45.01,6.2671,24.58,2.84,3.18,65.42,0.0
berbera,20131211,10.44,45.01,6.1464,24.66,4.57,5.36,70.05,0.0
berbera,20131212,10.44,45.01,5.5872,24.76,4.56,5.28,71.38,0.0
berbera,20131213,10.44,45.01,5.3098,25.36,4.4,5.06,75.21,0.0
berbera,20131214,10.44,45.01,5.203,25.15,3.66,4.17,74.56,0.0
berbera,20131215,10.44,45.01,5.5802,24.67,2.66,2.98,69.53,0.0
berbera,20131216,10.44,45.01,5.7418,24.58,3.85,4.39,69.79,0.0
berbera,20131217,10.44,45.01,5.5939,24.54,3.95,4.59,71.76,0.01
berbera,20131218,10.44,45.01,3.4795,24.83,4.99,5.8,74.07,0.11
berbera,20131219,10.44,45.01,5.7415,24.71,5.2,6.11,68.32,0.01
berbera,20131220,10.44,45.01,3.8078,24.52,4.91,5.65,71.55,0.09
berbera,20131221,10.44,45.01,5.989,24.58,4.56,5.32,65.79,0.04
berbera,20131222,10.44,45.01,5.6328,24.14,4.04,4.7,70.74,0.01
berbera,20131223,10.44,45.01,5.6491,24.55,5.5,6.46,72.33,0.02
berbera,20131224,10.44,45.01,5.5152,24.9,7.11,8.42,69.05,0.05
berbera,20131225,10.44,45.01,4.9195,24.77,7.78,9.02,72.8,0.17
berbera,20131226,10.44,45.01,5.6455,24.67,7.37,8.63,71.16,0.1
berbera,20131227,10.44,45.01,5.2663,24.22,6.29,7.41,69.68,0.0
berbera,20131228,10.44,45.01,5.5826,23.73,5.6,6.6,67.55,0.0
berbera,20131229,10.44,45.01,5.8164,23.5,5.65,6.65,68.03,0.0
berbera,20131230,10.44,45.01,5.7907,23.48,5.23,6.11,71.21,0.0
berbera,20131231,10.44,45.01,4.9858,23.82,4.63,5.3,73.9,0.0
berbera,20140101,10.44,45.01,5.3801,23.87,3.99,4.55,75.63,0.03
berbera,20140102,10.44,45.01,5.5037,24.07,4.04,4.57,75.73,0.06
berbera,20140103,10.44,45.01,5.3892,24.13,5.12,5.86,74.36,0.1
berbera,20140104,10.44,45.01,5.9839,23.82,5.48,6.26,72.87,0.01
berbera,20140105,10.44,45.01,5.4326,24.0,5.03,5.69,75.84,0.04
berbera,20140106,10.44,45.01,5.2481,24.09,4.46,4.9,75.62,0.08
berbera,20140107,10.44,45.01,5.2546,24.09,3.57,3.97,76.54,0.15
berbera,20140108,10.44,45.01,5.1727,24.54,5.13,5.91,75.45,0.1
berbera,20140109,10.44,45.01,5.2882,24.51,5.43,6.32,74.74,0.06
berbera,20140110,10.44,45.01,5.7554,24.26,4.88,5.62,73.66,0.06
berbera,20140111,10.44,45.01,5.1302,23.99,3.99,4.46,76.73,0.01
berbera,20140112,10.44,45.01,5.459,23.99,3.57,4.06,76.7,0.07
berbera,20140113,10.44,45.01,5.1245,24.37,6.28,7.28,76.09,0.12
berbera,20140114,10.44,45.01,5.957,24.33,6.36,7.41,72.25,0.07
berbera,20140115,10.44,45.01,5.8663,24.39,5.78,6.67,73.63,0.05
berbera,20140116,10.44,45.01,6.0,23.81,4.75,5.49,70.8,0.0
berbera,20140117,10.44,45.01,6.216,23.34,4.37,5.03,71.12,0.0
berbera,20140118,10.44,45.01,6.0958,23.38,3.95,4.46,71.53,0.0
berbera,20140119,10.44,45.01,5.623,23.76,3.61,4.07,73.82,0.0
berbera,20140120,10.44,45.01,5.6134,23.82,4.6,5.27,75.28,0.0
berbera,20140121,10.44,45.01,5.8289,23.61,4.84,5.57,74.02,0.0
berbera,20140122,10.44,45.01,6.331,22.88,5.19,6.03,67.07,0.02
berbera,20140123,10.44,45.01,6.0593,22.82,5.28,6.1,67.7,0.01
berbera,20140124,10.44,45.01,6.239,23.38,4.7,5.42,72.32,0.18
berbera,20140125,10.44,45.01,6.0043,23.72,4.99,5.6,73.05,0.13
berbera,20140126,10.44,45.01,6.4087,23.9,5.47,6.32,72.0,0.0
berbera,20140127,10.44,45.01,6.1157,24.36,5.29,5.98,74.28,0.0
berbera,20140128,10.44,45.01,5.8812,24.87,4.99,5.59,73.4,0.0
berbera,20140129,10.44,45.01,5.88,24.73,4.64,5.26,77.4,0.0
berbera,20140130,10.44,45.01,6.2537,24.24,3.65,4.08,73.87,0.0
berbera,20140131,10.44,45.01,6.3518,24.62,4.22,4.65,75.52,0.0
berbera,20140201,10.44,45.01,5.712,24.67,4.39,4.91,74.53,0.0
berbera,20140202,10.44,45.01,6.1157,24.89,4.97,5.53,72.88,0.0
berbera,20140203,10.44,45.01,6.1706,25.19,4.21,4.68,72.22,0.0
berbera,20140204,10.44,45.01,6.1226,25.12,3.78,4.14,74.79,0.0
berbera,20140205,10.44,45.01,6.4944,24.68,2.66,2.82,74.87,0.0
berbera,20140206,10.44,45.01,6.3022,24.55,3.41,3.68,75.37,0.0
berbera,20140207,10.44,45.01,5.5318,24.74,3.72,4.0,77.73,0.0
berbera,20140208,10.44,45.01,6.2561,24.73,3.88,4.26,74.46,0.0
berbera,20140209,10.44,45.01,6.2052,24.69,3.41,3.69,73.81,0.0
berbera,20140210,10.44,45.01,5.5411,24.72,4.93,5.62,74.24,0.28
berbera,20140211,10.44,45.01,5.9237,24.66,4.34,4.86,74.56,0.07
berbera,20140212,10.44,45.01,5.119,24.73,3.8,4.29,75.97,0.4
berbera,20140213,10.44,45.01,5.485,24.96,4.72,5.32,76.64,0.05
berbera,20140214,10.44,45.01,5.8109,24.92,5.5,6.3,75.24,0.0
berbera,20140215,10.44,45.01,6.4507,24.14,5.07,5.83,70.63,0.0
berbera,20140216,10.44,45.01,6.4884,23.54,4.28,4.84,70.76,0.0
berbera,20140217,10.44,45.01,6.2813,23.91,4.02,4.35,72.7,0.0
berbera,20140218,10.44,45.01,6.6036,24.23,3.64,4.03,75.38,0.01
berbera,20140219,10.44,45.01,6.5712,24.37,4.72,5.39,75.42,0.0
berbera,20140220,10.44,45.01,6.5405,24.28,5.14,5.91,71.23,0.0
berbera,20140221,10.44,45.01,6.6811,24.6,4.51,5.16,65.18,0.0
berbera,20140222,10.44,45.01,6.6946,24.8,4.83,5.5,64.53,0.0
berbera,20140223,10.44,45.01,6.4889,24.36,4.69,5.25,69.51,0.0
berbera,20140224,10.44,45.01,6.4363,24.44,5.14,5.72,74.09,0.0
berbera,20140225,10.44,45.01,6.6221,24.84,5.31,5.86,75.71,0.0
berbera,20140226,10.44,45.01,5.9746,24.88,4.89,5.34,75.51,0.0
berbera,20140227,10.44,45.01,6.5246,24.83,4.97,5.54,74.71,0.0
berbera,20140228,10.44,45.01,6.931,24.36,4.37,4.89,73.41,0.0
berbera,20140301,10.44,45.01,6.7812,24.53,4.26,4.71,68.08,0.0
berbera,20140302,10.44,45.01,7.0529,25.04,4.8,5.31,69.63,0.0
berbera,20140303,10.44,45.01,6.7003,25.27,4.76,5.23,74.22,0.0
berbera,20140304,10.44,45.01,7.0241,25.8,5.1,5.68,70.4,0.0
berbera,20140305,10.44,45.01,6.4382,25.43,4.2,4.59,72.78,0.0
berbera,20140306,10.44,45.01,6.9768,25.12,3.78,4.1,72.76,0.0
berbera,20140307,10.44,45.01,6.8544,25.34,4.03,4.44,72.0,0.0
berbera,20140308,10.44,45.01,6.955,25.39,5.26,6.02,72.31,0.0
berbera,20140309,10.44,45.01,7.1954,24.81,5.52,6.18,70.66,0.0
berbera,20140310,10.44,45.01,6.5755,25.34,4.96,5.42,72.2,0.0
berbera,20140311,10.44,45.01,7.0553,25.89,4.52,4.97,73.09,0.0
berbera,20140312,10.44,45.01,6.4301,25.88,3.59,3.8,76.12,0.01
berbera,20140313,10.44,45.01,6.325,25.76,2.82,2.85,76.39,0.11
berbera,20140314,10.44,45.01,6.714,26.08,2.52,2.57,75.2,0.16
berbera,20140315,10.44,45.01,5.5526,26.09,3.71,4.09,73.16,0.44
berbera,20140316,10.44,45.01,6.2021,26.04,3.71,4.06,74.29,0.28
berbera,20140317,10.44,45.01,6.0866,26.42,5.42,6.13,77.08,0.24
berbera,20140318,10.44,45.01,6.834,26.09,5.38,6.04,72.23,0.0
berbera,20140319,10.44,45.01,7.0298,26.09,4.43,4.88,73.44,0.0
berbera,20140320,10.44,45.01,7.1899,26.4,4.12,4.53,69.41,0.0
berbera,20140321,10.44,45.01,7.2336,27.11,3.7,4.05,63.7,0.0
berbera,20140322,10.44,45.01,7.1854,27.67,2.98,3.23,64.5,0.0
berbera,20140323,10.44,45.01,7.0392,28.0,3.52,3.83,69.49,0.0
berbera,20140324,10.44,45.01,6.6907,28.12,4.35,4.83,74.05,0.73
berbera,20140325,10.44,45.01,6.8014,28.1,3.92,4.36,75.95,2.63
berbera,20140326,10.44,45.01,5.7142,26.88,2.87,3.05,82.15,6.17
berbera,20140327,10.44,45.01,6.7834,27.43,3.32,3.64,78.4,0.09
berbera,20140328,10.44,45.01,6.9912,28.13,4.8,5.49,71.67,0.05
berbera,20140329,10.44,45.01,7.1506,28.1,5.31,6.2,67.97,0.02
berbera,20140330,10.44,45.01,7.0078,27.92,4.46,5.15,66.87,0.01
berbera,20140331,10.44,45.01,7.3402,27.7,3.77,4.18,69.31,0.0
berbera,20140401,10.44,45.01,7.247,28.59,3.86,4.47,65.28,0.01
berbera,20140402,10.44,45.01,7.2511,29.29,3.42,3.98,62.82,0.01
berbera,20140403,10.44,45.01,7.2972,30.07,3.66,4.33,62.54,0.0
berbera,20140404,10.44,45.01,6.4073,28.25,2.91,2.94,74.12,0.63
berbera,20140405,10.44,45.01,6.265,27.68,2.53,2.66,72.08,0.39
berbera,20140406,10.44,45.01,6.4908,27.35,3.35,3.77,76.51,2.24
berbera,20140407,10.44,45.01,7.0034,27.54,3.83,4.18,72.58,0.03
berbera,20140408,10.44,45.01,6.9835,27.59,4.11,4.52,71.83,0.14
berbera,20140409,10.44,45.01,6.8311,28.07,4.34,4.86,69.73,0.92
berbera,20140410,10.44,45.01,7.098,28.47,4.4,5.08,66.17,0.3
berbera,20140411,10.44,45.01,7.0865,28.74,4.45,5.16,65.78,0.13
berbera,20140412,10.44,45.01,6.8837,27.93,3.96,4.28,74.36,1.61
berbera,20140413,10.44,45.01,6.9211,27.79,3.74,4.14,77.7,3.84
berbera,20140414,10.44,45.01,7.1825,27.93,4.07,4.45,76.41,1.7
berbera,20140415,10.44,45.01,6.9806,28.07,3.96,4.35,76.94,1.49
berbera,20140416,10.44,45.01,7.3018,28.58,4.0,4.67,72.51,0.23
berbera,20140417,10.44,45.01,7.4158,28.87,3.72,4.37,64.84,0.0
berbera,20140418,10.44,45.01,7.201,29.44,3.91,4.74,64.98,0.42
berbera,20140419,10.44,45.01,7.3344,28.99,3.39,3.87,64.51,0.0
berbera,20140420,10.44,45.01,7.4436,29.81,3.94,4.6,59.95,0.0
berbera,20140421,10.44,45.01,7.3416,30.86,4.39,5.33,53.89,0.0
berbera,20140422,10.44,45.01,6.9528,30.49,4.1,4.85,61.24,0.0
berbera,20140423,10.44,45.01,7.1136,29.23,4.21,4.82,67.95,0.0
berbera,20140424,10.44,45.01,6.9792,29.0,4.0,4.42,67.46,0.0
berbera,20140425,10.44,45.01,7.0543,29.66,4.45,5.09,66.14,0.0
berbera,20140426,10.44,45.01,6.9084,29.74,3.93,4.33,67.71,0.85
berbera,20140427,10.44,45.01,6.7884,29.75,3.96,4.39,70.32,0.62
berbera,20140428,10.44,45.01,7.2019,29.39,3.08,3.35,73.15,0.43
berbera,20140429,10.44,45.01,7.141,29.57,2.72,3.03,69.66,1.89
berbera,20140430,10.44,45.01,6.3475,29.4,2.67,2.97,73.13,1.82
berbera,20140501,10.44,45.01,7.2074,30.14,2.72,3.08,69.34,0.43
berbera,20140502,10.44,45.01,7.0044,30.33,2.29,2.51,64.82,0.03
berbera,20140503,10.44,45.01,7.1532,31.29,2.49,2.9,60.72,0.36
berbera,20140504,10.44,45.01,6.8666,30.89,2.55,2.92,62.71,0.48
berbera,20140505,10.44,45.01,7.1647,31.33,3.6,4.21,64.66,0.0
berbera,20140506,10.44,45.01,6.6161,30.87,3.16,3.63,67.9,1.74
berbera,20140507,10.44,45.01,7.0733,30.7,3.54,4.17,67.47,0.55
berbera,20140508,10.44,45.01,6.5074,30.1,3.83,4.42,70.25,0.44
berbera,20140509,10.44,45.01,5.861,29.91,2.81,3.22,70.12,0.72
berbera,20140510,10.44,45.01,6.6845,29.4,1.79,1.93,72.24,1.32
berbera,20140511,10.44,45.01,7.1798,29.98,2.92,3.2,70.74,0.07
berbera,20140512,10.44,45.01,6.7378,30.1,3.14,3.43,71.09,0.45
berbera,20140513,10.44,45.01,6.8338,30.24,2.8,2.99,70.97,0.6
berbera,20140514,10.44,45.01,7.1743,29.48,2.28,2.49,74.23,0.31
berbera,20140515,10.44,45.01,6.8659,30.72,3.22,3.7,64.47,0.02
berbera,20140516,10.44,45.01,7.2319,31.25,3.97,4.55,65.09,0.04
berbera,20140517,10.44,45.01,6.9499,31.83,3.34,4.04,61.98,0.72
berbera,20140518,10.44,45.01,6.7922,32.17,3.86,4.67,60.79,0.38
berbera,20140519,10.44,45.01,6.7159,32.01,4.29,5.05,60.15,0.36
berbera,20140520,10.44,45.01,5.9417,31.24,2.91,3.41,62.06,0.42
berbera,20140521,10.44,45.01,6.3425,31.59,3.96,4.63,59.71,0.11
berbera,20140522,10.44,45.01,6.4217,31.61,3.31,3.81,60.79,0.13
berbera,20140523,10.44,45.01,6.6698,31.7,3.4,3.93,61.31,0.98
berbera,20140524,10.44,45.01,6.9451,31.48,3.85,4.39,63.1,1.01
berbera,20140525,10.44,45.01,7.0514,30.83,2.79,3.1,65.29,0.57
berbera,20140526,10.44,45.01,7.0908,31.12,3.33,3.74,64.21,0.99
berbera,20140527,10.44,45.01,6.7008,30.57,3.49,3.79,65.81,0.3
berbera,20140528,10.44,45.01,7.0262,30.33,3.24,3.49,65.96,0.34
berbera,20140529,10.44,45.01,6.5292,30.77,3.04,3.26,64.84,0.57
berbera,20140530,10.44,45.01,6.9504,31.59,3.78,4.29,61.73,0.31
berbera,20140531,10.44,45.01,6.7558,31.39,2.97,3.29,61.49,0.0
berbera,20140601,10.44,45.01,7.0056,31.47,3.05,3.44,58.88,0.0
berbera,20140602,10.44,45.01,7.0262,30.95,3.2,3.58,64.27,0.0
berbera,20140603,10.44,45.01,6.9086,29.82,2.55,2.69,70.51,0.0
berbera,20140604,10.44,45.01,7.145,30.29,2.59,2.79,68.65,0.0
berbera,20140605,10.44,45.01,7.0154,30.99,2.54,2.81,61.61,0.0
berbera,20140606,10.44,45.01,7.267,31.9,1.94,2.28,51.6,0.0
berbera,20140607,10.44,45.01,7.2314,32.64,3.81,4.58,45.27,0.0
berbera,20140608,10.44,45.01,6.7298,32.82,5.73,7.07,46.76,0.0
berbera,20140609,10.44,45.01,6.6977,32.54,6.37,7.7,52.29,0.0
berbera,20140610,10.44,45.01,6.7289,32.56,5.99,7.27,53.13,0.0
berbera,20140611,10.44,45.01,6.8429,32.85,6.42,8.11,49.69,0.0
berbera,20140612,10.44,45.01,6.492,32.84,6.15,7.96,50.05,0.01
berbera,20140613,10.44,45.01,6.2066,32.74,7.92,10.0,46.19,0.0
berbera,20140614,10.44,45.01,6.7817,32.41,6.76,8.71,46.75,0.0
berbera,20140615,10.44,45.01,6.439,32.12,5.3,6.88,47.66,0.0
berbera,20140616,10.44,45.01,6.6086,32.58,6.01,8.01,44.49,0.0
berbera,20140617,10.44,45.01,6.8422,32.93,6.3,8.22,46.66,0.01
berbera,20140618,10.44,45.01,6.8702,33.43,7.25,9.35,49.18,0.0
berbera,20140619,10.44,45.01,6.859,33.52,7.79,9.99,47.45,0.06
berbera,20140620,10.44,45.01,6.9077,33.27,8.57,10.91,45.36,0.0
berbera,20140621,10.44,45.01,6.8527,33.62,9.55,11.88,43.8,0.0
berbera,20140622,10.44,45.01,6.6768,33.45,9.31,11.52,44.44,0.01
berbera,20140623,10.44,45.01,6.486,32.69,8.42,10.56,48.13,0.07
berbera,20140624,10.44,45.01,6.1068,33.13,8.49,10.72,46.9,0.0
berbera,20140625,10.44,45.01,6.3691,33.08,8.74,11.01,46.77,0.0
berbera,20140626,10.44,45.01,6.5911,33.1,8.17,10.43,45.41,0.0
berbera,20140627,10.44,45.01,6.624,33.15,7.86,10.1,44.42,0.0
berbera,20140628,10.44,45.01,7.0145,32.86,7.42,9.57,45.52,0.0
berbera,20140629,10.44,45.01,6.8566,33.06,7.13,9.03,41.92,0.0
berbera,20140630,10.44,45.01,7.0558,32.9,8.29,10.41,44.02,0.0
berbera,20140701,10.44,45.01,6.9288,33.19,9.5,11.82,44.12,0.0
berbera,20140702,10.44,45.01,6.7178,33.41,10.67,13.2,43.7,0.0
berbera,20140703,10.44,45.01,6.0134,33.09,10.54,13.18,45.06,0.01
berbera,20140704,10.44,45.01,6.7778,33.46,10.53,13.1,42.13,0.0
berbera,20140705,10.44,45.01,6.623,32.9,8.26,10.36,42.77,0.0
berbera,20140706,10.44,45.01,5.8718,33.08,8.38,10.64,45.33,0.0
berbera,20140707,10.44,45.01,5.5442,32.66,8.52,10.8,46.39,0.0
berbera,20140708,10.44,45.01,6.4591,32.22,7.68,9.94,48.96,0.04
berbera,20140709,10.44,45.01,6.2477,32.0,6.82,9.07,52.21,0.0
berbera,20140710,10.44,45.01,4.5317,32.35,7.51,9.89,51.37,0.4
berbera,20140711,10.44,45.01,5.3842,32.12,9.41,11.61,48.7,0.21
berbera,20140712,10.44,45.01,5.7271,32.6,7.39,9.37,46.34,0.02
berbera,20140713,10.44,45.01,6.6898,32.51,7.69,9.97,46.47,0.0
berbera,20140714,10.44,45.01,6.8035,32.83,9.08,11.48,45.71,0.0
berbera,20140715,10.44,45.01,6.6,33.4,10.69,13.52,44.35,0.31
berbera,20140716,10.44,45.01,6.4658,32.71,10.08,12.89,42.76,0.0
berbera,20140717,10.44,45.01,5.8118,32.68,9.47,12.02,44.69,0.0
berbera,20140718,10.44,45.01,6.3046,33.36,9.12,11.57,43.19,0.0
berbera,20140719,10.44,45.01,6.361,33.32,7.83,10.27,47.36,0.01
berbera,20140720,10.44,45.01,5.8586,33.33,7.92,10.66,47.83,0.07
berbera,20140721,10.44,45.01,5.9035,32.69,9.15,11.91,49.6,0.34
berbera,20140722,10.44,45.01,5.8224,32.06,7.38,9.67,51.43,0.13
berbera,20140723,10.44,45.01,6.2964,32.17,6.99,9.22,50.3,0.0
berbera,20140724,10.44,45.01,6.0586,32.47,7.0,9.23,48.51,0.05
berbera,20140725,10.44,45.01,5.3563,31.67,8.08,10.24,53.55,0.5
berbera,20140726,10.44,45.01,5.8018,31.12,6.76,8.68,56.9,0.35
berbera,20140727,10.44,45.01,6.4039,31.82,4.81,6.31,53.2,0.03
berbera,20140728,10.44,45.01,6.6139,32.37,6.76,8.99,53.83,0.7
berbera,20140729,10.44,45.01,5.8836,32.13,8.37,10.64,52.08,0.63
berbera,20140730,10.44,45.01,5.6326,32.27,10.86,13.66,46.62,0.06
berbera,20140731,10.44,45.01,6.4109,32.36,8.53,10.79,49.52,0.2
berbera,20140801,10.44,45.01,6.1882,31.89,8.22,10.47,50.35,0.09
berbera,20140802,10.44,45.01,6.3898,32.32,8.7,10.92,46.85,0.13
berbera,20140803,10.44,45.01,6.618,32.66,9.78,12.39,46.06,0.1
berbera,20140804,10.44,45.01,5.3234,31.85,8.28,10.3,51.81,0.0
berbera,20140805,10.44,45.01,6.5105,31.76,7.75,10.14,51.07,0.0
berbera,20140806,10.44,45.01,5.9858,32.34,6.86,8.91,50.91,0.0
berbera,20140807,10.44,45.01,6.8263,32.21,6.65,8.77,51.84,0.0
berbera,20140808,10.44,45.01,5.8147,32.18,7.33,9.72,54.23,0.0
berbera,20140809,10.44,45.01,5.8349,32.34,7.76,10.1,49.51,0.0
berbera,20140810,10.44,45.01,6.7812,32.62,6.18,8.09,47.73,0.0
berbera,20140811,10.44,45.01,6.6785,32.21,5.78,7.88,50.06,0.02
berbera,20140812,10.44,45.01,6.0242,32.28,7.94,10.24,48.24,0.03
berbera,20140813,10.44,45.01,6.7474,32.64,9.63,11.97,46.64,0.01
berbera,20140814,10.44,45.01,6.8966,32.77,8.14,10.33,47.43,0.06
berbera,20140815,10.44,45.01,6.9185,32.5,6.81,9.0,48.06,0.04
berbera,20140816,10.44,45.01,6.8947,32.82,7.92,10.24,47.09,0.06
berbera,20140817,10.44,45.01,7.0958,33.34,9.52,12.0,44.27,0.13
berbera,20140818,10.44,45.01,6.8407,32.88,8.02,10.21,46.1,0.23
berbera,20140819,10.44,45.01,6.1882,32.12,6.82,8.81,50.07,0.03
berbera,20140820,10.44,45.01,7.0138,32.27,6.25,8.03,49.77,0.13
berbera,20140821,10.44,45.01,7.0202,32.69,6.5,8.19,45.67,0.02
berbera,20140822,10.44,45.01,6.7188,32.58,5.66,7.31,50.24,0.15
berbera,20140823,10.44,45.01,7.2221,32.46,4.73,6.2,50.29,0.0
berbera,20140824,10.44,45.01,6.8885,32.48,4.25,6.02,53.77,0.01
berbera,20140825,10.44,45.01,6.8021,32.69,3.42,4.8,56.15,0.6
berbera,20140826,10.44,45.01,6.4841,31.72,7.04,9.09,54.4,0.6
berbera,20140827,10.44,45.01,6.6924,32.6,5.13,6.45,50.83,0.05
berbera,20140828,10.44,45.01,6.8688,32.94,4.1,5.45,50.78,0.31
berbera,20140829,10.44,45.01,6.6492,33.1,5.21,6.88,52.46,0.1
berbera,20140830,10.44,45.01,5.0947,32.91,6.32,8.11,52.13,0.6
berbera,20140831,10.44,45.01,6.8506,32.94,6.64,8.41,51.4,0.07
berbera,20140901,10.44,45.01,6.396,32.99,6.47,8.24,49.88,0.09
berbera,20140902,10.44,45.01,6.3254,32.75,6.53,8.26,51.56,0.01
berbera,20140903,10.44,45.01,6.7915,32.77,5.94,7.44,52.31,0.21
berbera,20140904,10.44,45.01,6.5834,32.28,7.32,8.98,52.34,0.18
berbera,20140905,10.44,45.01,6.8882,33.14,8.11,10.08,45.87,0.06
berbera,20140906,10.44,45.01,6.9346,32.91,8.43,10.55,46.77,0.32
berbera,20140907,10.44,45.01,6.0336,32.2,6.02,7.42,52.47,0.47
berbera,20140908,10.44,45.01,6.4654,31.47,6.69,8.3,54.66,4.37
berbera,20140909,10.44,45.01,6.8081,32.23,6.43,8.16,52.89,0.1
berbera,20140910,10.44,45.01,6.5234,31.8,6.8,8.57,56.14,1.67
berbera,20140911,10.44,45.01,6.5446,31.55,5.5,6.84,55.56,1.41
berbera,20140912,10.44,45.01,6.5736,31.78,5.1,6.22,57.42,0.16
berbera,20140913,10.44,45.01,6.5659,31.8,4.99,5.89,56.78,0.52
berbera,20140914,10.44,45.01,6.7202,31.73,4.37,5.25,58.35,0.65
berbera,20140915,10.44,45.01,7.1602,32.04,4.39,5.28,55.74,0.27
berbera,20140916,10.44,45.01,6.9367,32.29,4.3,5.18,53.46,0.1
berbera,20140917,10.44,45.01,6.6823,32.02,3.8,4.52,56.34,1.27
berbera,20140918,10.44,45.01,6.4742,32.47,3.55,4.58,53.05,0.03
berbera,20140919,10.44,45.01,6.3833,32.75,4.1,5.28,53.48,0.0
berbera,20140920,10.44,45.01,6.4649,31.71,4.03,4.66,59.43,0.01
berbera,20140921,10.44,45.01,7.014,31.92,3.77,4.39,56.25,0.0
berbera,20140922,10.44,45.01,6.623,32.37,4.94,5.92,48.39,0.0
berbera,20140923,10.44,45.01,5.755,32.57,5.26,6.31,50.8,0.05
berbera,20140924,10.44,45.01,6.756,32.54,4.75,5.72,53.12,0.09
berbera,20140925,10.44,45.01,6.2222,32.15,3.67,4.36,56.35,0.16
berbera,20140926,10.44,45.01,6.7375,32.56,3.71,4.37,54.01,0.09
berbera,20140927,10.44,45.01,6.3691,32.15,3.66,4.12,56.12,0.06
berbera,20140928,10.44,45.01,6.4783,31.66,3.2,3.5,59.94,0.09
berbera,20140929,10.44,45.01,6.5095,30.71,2.93,3.16,66.14,1.17
berbera,20140930,10.44,45.01,5.9969,29.94,2.62,2.73,69.14,1.68
berbera,20141001,10.44,45.01,5.7046,29.71,3.21,3.51,69.73,2.01
berbera,20141002,10.44,45.01,6.1877,29.35,3.15,3.29,71.2,0.92
berbera,20141003,10.44,45.01,6.725,29.15,2.52,2.65,69.96,0.86
berbera,20141004,10.44,45.01,6.5414,28.52,2.29,2.4,69.79,0.82
berbera,20141005,10.44,45.01,6.3732,28.67,2.63,2.71,71.15,1.65
berbera,20141006,10.44,45.01,5.1614,28.17,1.9,1.94,72.98,3.82
berbera,20141007,10.44,45.01,5.3911,27.82,1.59,1.76,73.32,6.93
berbera,20141008,10.44,45.01,5.9258,28.36,2.5,2.69,70.7,5.19
berbera,20141009,10.44,45.01,4.9421,28.63,2.53,2.87,70.17,2.07
berbera,20141010,10.44,45.01,6.8765,29.73,2.77,3.06,61.85,0.39
berbera,20141011,10.44,45.01,6.5398,29.92,2.89,3.29,62.85,0.22
berbera,20141012,10.44,45.01,6.5016,29.75,3.28,3.67,65.3,0.73
berbera,20141013,10.44,45.01,6.5654,29.09,2.87,3.15,65.85,0.03
berbera,20141014,10.44,45.01,6.8011,28.84,2.95,3.28,64.25,0.0
berbera,20141015,10.44,45.01,6.8983,28.39,3.4,3.78,63.2,0.03
berbera,20141016,10.44,45.01,5.2646,28.43,3.5,3.98,67.34,0.7
berbera,20141017,10.44,45.01,6.5736,27.93,3.6,4.03,67.26,0.59
berbera,20141018,10.44,45.01,6.4766,27.8,2.92,3.2,70.93,2.75
berbera,20141019,10.44,45.01,6.2376,28.61,4.33,4.76,70.79,3.17
berbera,20141020,10.44,45.01,6.0197,28.53,4.12,4.47,74.79,1.15
berbera,20141021,10.44,45.01,6.155,28.64,4.61,5.11,73.41,1.06
berbera,20141022,10.44,45.01,6.4975,27.99,4.09,4.54,71.65,0.66
berbera,20141023,10.44,45.01,6.5635,27.47,3.12,3.47,70.46,0.88
berbera,20141024,10.44,45.01,6.5806,27.81,2.43,2.72,61.21,0.12
berbera,20141025,10.44,45.01,6.6122,28.95,2.13,2.38,51.8,0.0
berbera,20141026,10.44,45.01,6.7584,29.1,3.01,3.45,49.47,0.0
berbera,20141027,10.44,45.01,6.7795,28.88,2.66,3.0,50.24,0.0
berbera,20141028,10.44,45.01,6.804,28.77,2.64,3.0,50.47,0.0
berbera,20141029,10.44,45.01,6.6302,29.13,3.32,3.89,48.08,0.0
berbera,20141030,10.44,45.01,6.5378,29.21,3.47,4.03,50.51,0.0
berbera,20141031,10.44,45.01,6.449,29.12,3.57,4.07,57.64,0.0
berbera,20141101,10.44,45.01,6.5381,28.51,3.28,3.68,60.83,0.04
berbera,20141102,10.44,45.01,6.5974,27.69,2.94,3.21,66.42,0.01
berbera,20141103,10.44,45.01,6.5076,27.74,3.46,3.88,66.88,0.0
berbera,20141104,10.44,45.01,6.569,27.61,3.64,4.13,63.22,0.0
berbera,20141105,10.44,45.01,6.3996,27.34,3.74,4.09,69.5,0.0
berbera,20141106,10.44,45.01,6.5232,27.41,3.5,3.74,71.84,0.13
berbera,20141107,10.44,45.01,6.4274,27.72,4.09,4.48,71.75,0.44
berbera,20141108,10.44,45.01,6.1174,27.31,4.34,4.93,74.38,2.01
berbera,20141109,10.44,45.01,6.2494,26.92,4.99,5.79,66.49,0.24
berbera,20141110,10.44,45.01,6.0504,26.8,4.31,4.94,65.76,0.03
berbera,20141111,10.44,45.01,6.1486,26.47,4.72,5.4,69.28,0.03
berbera,20141112,10.44,45.01,6.0847,26.53,4.74,5.42,70.26,0.08
berbera,20141113,10.44,45.01,6.2902,26.56,5.36,6.16,66.78,0.03
berbera,20141114,10.44,45.01,6.3211,26.1,5.2,5.96,65.2,0.0
berbera,20141115,10.44,45.01,6.3588,25.71,4.24,4.83,72.22,0.02
berbera,20141116,10.44,45.01,6.1416,26.35,4.13,4.6,74.14,0.09
berbera,20141117,10.44,45.01,5.3926,26.96,4.53,5.05,75.61,0.74
berbera,20141118,10.44,45.01,5.7526,26.8,4.95,5.6,73.86,0.24
berbera,20141119,10.44,45.01,5.9904,26.38,3.89,4.4,72.81,0.04
berbera,20141120,10.44,45.01,4.2662,26.96,5.24,6.0,78.3,1.52
berbera,20141121,10.44,45.01,5.0652,27.06,4.86,5.4,76.43,0.3
berbera,20141122,10.44,45.01,5.4732,26.6,3.83,4.27,77.16,0.01
berbera,20141123,10.44,45.01,5.719,26.67,3.38,3.63,75.64,0.0
berbera,20141124,10.44,45.01,5.8826,27.41,4.12,4.53,73.73,0.0
berbera,20141125,10.44,45.01,5.515,27.22,4.39,4.85,74.08,0.02
berbera,20141126,10.44,45.01,5.4331,26.48,3.4,3.67,75.96,0.02
berbera,20141127,10.44,45.01,5.8231,25.86,2.82,3.08,73.45,0.0
berbera,20141128,10.44,45.01,6.0113,25.54,2.91,3.21,73.26,0.0
berbera,20141129,10.44,45.01,6.0485,25.2,3.19,3.58,71.22,0.0
berbera,20141130,10.44,45.01,5.7535,25.45,4.41,5.01,71.92,0.0
berbera,20141201,10.44,45.01,4.7746,26.21,5.26,6.0,76.41,0.0
berbera,20141202,10.44,45.01,5.3796,26.14,6.22,7.25,72.72,0.33
berbera,20141203,10.44,45.01,5.8337,25.89,6.68,7.92,72.54,0.37
berbera,20141204,10.44,45.01,5.7307,25.71,5.35,6.32,72.67,0.08
berbera,20141205,10.44,45.01,5.8418,25.56,4.9,5.7,70.58,0.07
berbera,20141206,10.44,45.01,6.1296,25.28,5.1,5.99,66.1,0.01
berbera,20141207,10.44,45.01,6.0182,25.12,5.03,5.89,70.81,0.0
berbera,20141208,10.44,45.01,5.923,25.31,5.23,6.12,72.97,0.01
berbera,20141209,10.44,45.01,5.5992,25.75,5.19,6.07,74.08,0.03
berbera,20141210,10.44,45.01,5.681,25.16,4.6,5.37,73.69,0.02
berbera,20141211,10.44,45.01,5.9395,24.71,3.73,4.25,71.78,0.02
berbera,20141212,10.44,45.01,6.025,24.49,3.63,4.14,71.02,0.0
berbera,20141213,10.44,45.01,6.1111,24.31,4.15,4.81,68.47,0.0
berbera,20141214,10.44,45.01,6.0521,24.31,4.73,5.51,71.15,0.0
berbera,20141215,10.44,45.01,5.8013,24.48,4.66,5.38,73.6,0.0
berbera,20141216,10.44,45.01,5.6263,24.45,3.91,4.44,73.2,0.0
berbera,20141217,10.44,45.01,5.9846,24.4,3.79,4.34,71.33,0.0
berbera,20141218,10.44,45.01,5.67,24.42,4.2,4.87,74.34,0.0
berbera,20141219,10.44,45.01,6.0473,24.45,5.26,6.19,68.1,0.0
berbera,20141220,10.44,45.01,5.9446,24.0,4.61,5.35,66.85,0.01
berbera,20141221,10.44,45.01,5.958,24.08,3.85,4.35,71.5,0.0
berbera,20141222,10.44,45.01,5.999,23.99,2.82,3.05,68.44,0.05
berbera,20141223,10.44,45.01,5.8193,23.98,3.03,3.32,70.71,0.0
berbera,20141224,10.44,45.01,5.772,24.09,3.59,4.11,73.16,0.03
berbera,20141225,10.44,45.01,5.7305,24.42,5.5,6.46,70.66,0.4
berbera,20141226,10.44,45.01,5.928,24.36,5.32,6.21,69.57,0.31
berbera,20141227,10.44,45.01,5.7941,24.18,4.3,4.96,70.81,0.43
berbera,20141228,10.44,45.01,5.9078,24.0,3.83,4.36,71.17,0.62
berbera,20141229,10.44,45.01,6.0852,23.52,3.16,3.54,68.46,0.82
berbera,20141230,10.44,45.01,6.2482,23.27,2.86,3.18,65.43,0.03
berbera,20141231,10.44,45.01,6.277,23.25,2.77,3.1,64.31,0.0
berbera,20150101,10.44,45.01,6.2026,23.61,2.77,3.1,57.85,0.0
berbera,20150102,10.44,45.01,6.0782,23.66,4.13,4.78,65.27,0.0
berbera,20150103,10.44,45.01,6.0775,23.53,4.22,4.86,67.5,0.0
berbera,20150104,10.44,45.01,6.1613,23.43,3.77,4.32,69.35,0.0
berbera,20150105,10.44,45.01,5.9042,23.49,3.24,3.66,70.63,0.0
berbera,20150106,10.44,45.01,6.0139,23.42,3.11,3.56,71.81,0.01
berbera,20150107,10.44,45.01,5.3861,24.15,3.38,3.77,76.44,0.1
berbera,20150108,10.44,45.01,5.7034,24.0,2.46,2.7,71.61,0.01
berbera,20150109,10.44,45.01,6.1068,24.01,2.96,3.31,70.69,0.0
berbera,20150110,10.44,45.01,6.1704,24.25,2.57,2.81,65.54,0.0
berbera,20150111,10.44,45.01,5.6734,24.35,2.75,3.03,73.96,0.02
berbera,20150112,10.44,45.01,5.5958,24.27,4.3,5.01,75.14,0.03
berbera,20150113,10.44,45.01,5.9402,24.22,5.74,6.75,71.75,0.03
berbera,20150114,10.44,45.01,6.1649,23.73,4.41,5.11,69.49,0.0
berbera,20150115,10.44,45.01,5.827,23.53,3.68,4.2,73.41,0.01
berbera,20150116,10.44,45.01,5.9921,23.38,3.67,4.11,71.22,0.17
berbera,20150117,10.44,45.01,6.0958,22.94,3.59,4.05,69.62,0.12
berbera,20150118,10.44,45.01,6.2374,23.24,2.86,3.14,69.28,0.04
berbera,20150119,10.44,45.01,5.8634,24.14,2.53,2.77,72.13,0.01
berbera,20150120,10.44,45.01,5.2303,24.48,4.51,5.1,75.53,0.28
berbera,20150121,10.44,45.01,4.9008,24.53,5.66,6.61,75.11,0.18
berbera,20150122,10.44,45.01,5.7098,23.61,5.38,6.22,65.32,0.04
berbera,20150123,10.44,45.01,6.3451,22.56,4.72,5.4,68.33,0.0
berbera,20150124,10.44,45.01,6.2957,22.7,5.05,5.93,67.57,0.02
berbera,20150125,10.44,45.01,6.1946,23.2,5.11,5.99,69.28,0.06
berbera,20150126,10.44,45.01,6.1392,23.23,5.21,6.04,67.56,0.0
berbera,20150127,10.44,45.01,6.2642,23.02,4.97,5.72,69.39,0.0
berbera,20150128,10.44,45.01,6.3384,23.26,4.77,5.49,71.8,0.0
berbera,20150129,10.44,45.01,5.3995,23.94,4.91,5.52,74.04,0.0
berbera,20150130,10.44,45.01,5.7319,24.26,4.73,5.38,74.96,0.0
berbera,20150131,10.44,45.01,6.133,23.86,4.12,4.61,73.77,0.0
berbera,20150201,10.44,45.01,6.2249,23.66,3.6,4.03,71.06,0.0
berbera,20150202,10.44,45.01,6.3977,23.74,3.75,4.17,74.14,0.0
berbera,20150203,10.44,45.01,6.444,23.81,4.41,4.9,73.96,0.0
berbera,20150204,10.44,45.01,6.2748,24.04,4.75,5.24,73.24,0.0
berbera,20150205,10.44,45.01,5.9309,23.99,4.53,5.03,74.77,0.0
berbera,20150206,10.44,45.01,6.5131,23.99,4.26,4.76,74.66,0.0
berbera,20150207,10.44,45.01,6.7538,23.54,4.16,4.68,71.96,0.0
berbera,20150208,10.44,45.01,6.7241,24.08,4.14,4.62,72.14,0.0
berbera,20150209,10.44,45.01,6.7013,25.07,4.54,5.1,65.83,0.0
berbera,20150210,10.44,45.01,6.5095,25.17,5.18,5.87,66.88,0.0
berbera,20150211,10.44,45.01,6.253,25.04,5.18,5.8,71.46,0.0
berbera,20150212,10.44,45.01,5.911,24.46,4.42,4.87,75.63,0.0
berbera,20150213,10.44,45.01,6.6185,23.73,3.4,3.71,72.73,0.0
berbera,20150214,10.44,45.01,6.5614,23.12,2.52,2.69,71.43,0.0
berbera,20150215,10.44,45.01,6.3031,23.68,2.69,2.89,67.8,0.0
berbera,20150216,10.44,45.01,6.7932,24.34,3.94,4.29,74.1,0.0
berbera,20150217,10.44,45.01,6.8076,25.3,4.17,4.57,75.45,0.0
berbera,20150218,10.44,45.01,6.6482,25.26,4.35,4.81,76.54,0.0
berbera,20150219,10.44,45.01,6.852,25.75,4.32,4.75,72.63,0.0
berbera,20150220,10.44,45.01,6.7702,26.06,3.92,4.32,67.22,0.01
berbera,20150221,10.44,45.01,6.487,25.37,2.66,2.76,72.22,0.0
berbera,20150222,10.44,45.01,5.8034,25.19,2.74,2.91,77.28,0.01
berbera,20150223,10.44,45.01,6.3259,25.33,4.02,4.45,77.65,0.03
berbera,20150224,10.44,45.01,5.9587,25.39,5.55,6.33,75.39,0.04
berbera,20150225,10.44,45.01,5.8073,25.21,4.96,5.47,75.68,0.0
berbera,20150226,10.44,45.01,6.2801,24.85,3.94,4.38,75.18,0.0
berbera,20150227,10.44,45.01,6.6173,24.7,3.08,3.34,70.77,0.0
berbera,20150228,10.44,45.01,6.6905,24.86,3.1,3.44,66.48,0.0
berbera,20150301,10.44,45.01,6.9257,24.8,3.33,3.77,64.73,0.0
berbera,20150302,10.44,45.01,7.1119,24.54,3.1,3.47,66.01,0.0
berbera,20150303,10.44,45.01,7.2094,24.81,3.53,3.86,69.34,0.0
berbera,20150304,10.44,45.01,7.1592,24.84,3.27,3.58,69.81,0.0
berbera,20150305,10.44,45.01,7.0574,25.44,3.94,4.27,72.87,0.0
berbera,20150306,10.44,45.01,7.355,25.62,3.95,4.37,69.87,0.0
berbera,20150307,10.44,45.01,7.2701,25.35,4.08,4.55,68.95,0.0
berbera,20150308,10.44,45.01,6.8986,25.03,3.67,4.08,74.51,0.05
berbera,20150309,10.44,45.01,7.0541,25.49,4.1,4.52,72.93,0.01
berbera,20150310,10.44,45.01,6.7423,25.67,4.47,5.02,75.7,0.13
berbera,20150311,10.44,45.01,7.0476,26.06,4.11,4.66,73.02,0.08
berbera,20150312,10.44,45.01,7.2365,26.68,4.19,4.74,67.29,0.0
berbera,20150313,10.44,45.01,7.1933,27.19,4.11,4.71,62.81,0.0
berbera,20150314,10.44,45.01,7.2497,27.24,3.96,4.46,65.69,0.0
berbera,20150315,10.44,45.01,7.0478,26.97,4.01,4.37,72.33,0.0
berbera,20150316,10.44,45.01,6.8604,27.24,4.64,5.22,70.34,0.0
berbera,20150317,10.44,45.01,6.858,27.08,5.13,5.9,67.53,0.01
berbera,20150318,10.44,45.01,7.0939,27.22,4.83,5.46,64.95,0.02
berbera,20150319,10.44,45.01,6.9732,27.43,4.75,5.36,70.26,0.1
berbera,20150320,10.44,45.01,6.8136,27.26,4.3,4.8,72.71,0.27
berbera,20150321,10.44,45.01,6.5683,27.28,4.44,4.89,77.3,0.33
berbera,20150322,10.44,45.01,5.9136,28.0,4.51,5.19,73.59,2.26
berbera,20150323,10.44,45.01,2.7509,27.74,4.08,4.57,74.49,3.47
berbera,20150324,10.44,45.01,5.5906,26.27,4.02,4.44,81.17,2.81
berbera,20150325,10.44,45.01,6.0535,26.12,3.79,4.18,76.97,0.49
berbera,20150326,10.44,45.01,6.27,26.96,3.84,4.28,72.84,0.17
berbera,20150327,10.44,45.01,7.1652,27.53,3.69,4.28,65.01,0.0
berbera,20150328,10.44,45.01,7.4366,27.71,3.84,4.44,64.28,0.0
berbera,20150329,10.44,45.01,7.4254,27.4,3.46,3.85,69.47,0.0
berbera,20150330,10.44,45.01,7.224,27.79,3.51,3.98,68.3,0.0
berbera,20150331,10.44,45.01,7.363,27.73,2.6,2.88,66.62,0.0
berbera,20150401,10.44,45.01,7.4208,27.71,2.19,2.28,66.11,0.0
berbera,20150402,10.44,45.01,7.1268,27.53,2.96,3.2,66.62,0.0
berbera,20150403,10.44,45.01,6.5364,27.43,3.16,3.44,69.37,0.0
berbera,20150404,10.44,45.01,7.2,27.49,3.25,3.47,70.14,0.0
berbera,20150405,10.44,45.01,7.3303,28.15,3.21,3.44,68.72,0.0
berbera,20150406,10.44,45.01,7.1227,28.37,2.85,3.02,67.47,0.0
berbera,20150407,10.44,45.01,7.1434,28.08,2.88,3.11,65.94,0.0
berbera,20150408,10.44,45.01,6.8546,29.0,3.38,4.05,56.27,0.0
berbera,20150409,10.44,45.01,6.8774,29.34,4.3,5.14,55.01,0.0
berbera,20150410,10.44,45.01,7.2336,29.27,4.09,4.86,58.45,0.0
berbera,20150411,10.44,45.01,7.3709,29.21,4.28,5.0,61.34,0.0
berbera,20150412,10.44,45.01,6.881,27.87,2.98,3.03,74.2,0.02
berbera,20150413,10.44,45.01,6.2654,27.23,3.13,3.31,75.25,0.01
berbera,20150414,10.44,45.01,6.7514,27.65,3.58,3.83,74.13,0.02
berbera,20150415,10.44,45.01,6.9115,27.35,4.68,5.11,73.57,0.01
berbera,20150416,10.44,45.01,6.3655,27.34,3.06,3.3,69.48,0.0
berbera,20150417,10.44,45.01,6.8374,26.78,3.26,3.48,70.1,0.0
berbera,20150418,10.44,45.01,7.7515,26.91,2.52,2.65,60.34,0.0
berbera,20150419,10.44,45.01,7.6975,28.07,3.08,3.37,52.26,0.0
berbera,20150420,10.44,45.01,7.5461,28.03,4.22,4.78,57.78,0.0
berbera,20150421,10.44,45.01,7.2502,27.65,3.42,3.58,67.69,0.0
berbera,20150422,10.44,45.01,7.3217,28.07,2.85,3.07,64.41,0.0
berbera,20150423,10.44,45.01,7.0762,29.62,2.88,3.18,58.65,0.0
berbera,20150424,10.44,45.01,6.8599,29.6,3.32,3.55,68.25,0.06
berbera,20150425,10.44,45.01,7.147,29.11,3.66,3.93,71.89,0.06
berbera,20150426,10.44,45.01,6.726,28.83,3.41,3.72,74.01,0.22
berbera,20150427,10.44,45.01,6.642,28.62,3.87,4.34,73.31,0.25
berbera,20150428,10.44,45.01,5.8757,28.11,3.33,3.52,77.67,0.52
berbera,20150429,10.44,45.01,6.984,28.33,3.14,3.41,77.91,0.7
berbera,20150430,10.44,45.01,6.7788,29.14,3.59,3.96,71.29,0.01
berbera,20150501,10.44,45.01,6.8203,29.57,3.72,4.19,69.13,0.51
berbera,20150502,10.44,45.01,6.2791,30.69,4.79,6.01,59.9,0.74
berbera,20150503,10.44,45.01,6.3732,30.96,3.59,4.43,63.18,0.78
berbera,20150504,10.44,45.01,6.8707,30.94,2.74,3.41,63.89,0.97
berbera,20150505,10.44,45.01,5.0974,30.27,1.84,2.32,67.16,0.76
berbera,20150506,10.44,45.01,6.9343,29.98,2.74,3.27,66.64,0.04
berbera,20150507,10.44,45.01,6.6312,30.24,2.81,3.22,68.25,0.15
berbera,20150508,10.44,45.01,6.8486,30.04,1.88,2.11,69.85,0.2
berbera,20150509,10.44,45.01,6.7838,30.31,2.96,3.33,68.57,0.07
berbera,20150510,10.44,45.01,7.303,30.91,3.45,4.01,65.93,0.0
berbera,20150511,10.44,45.01,6.9655,30.99,3.7,4.28,66.37,0.0
berbera,20150512,10.44,45.01,7.1465,30.46,2.96,3.22,72.6,0.06
berbera,20150513,10.44,45.01,6.9007,31.15,2.5,2.72,68.45,0.03
berbera,20150514,10.44,45.01,7.0452,31.89,3.4,3.94,62.37,0.01
berbera,20150515,10.44,45.01,6.8686,30.69,3.33,3.62,67.92,0.08
berbera,20150516,10.44,45.01,7.0142,29.82,2.95,3.15,72.44,0.4
berbera,20150517,10.44,45.01,7.3061,30.04,2.05,2.16,63.84,0.02
berbera,20150518,10.44,45.01,7.2391,32.01,2.97,3.62,49.6,0.0
berbera,20150519,10.44,45.01,6.8213,31.85,3.37,4.01,55.78,0.01
berbera,20150520,10.44,45.01,7.0956,31.36,2.2,2.44,56.61,0.05
berbera,20150521,10.44,45.01,6.8995,32.17,3.22,3.93,54.17,0.75
berbera,20150522,10.44,45.01,6.6845,32.0,3.85,4.41,60.3,3.77
berbera,20150523,10.44,45.01,7.0164,31.82,4.67,5.36,60.22,1.25
berbera,20150524,10.44,45.01,6.9929,32.13,5.92,6.97,60.27,2.37
berbera,20150525,10.44,45.01,6.8172,31.49,4.99,5.84,63.93,7.1
berbera,20150526,10.44,45.01,6.4049,31.33,3.28,3.73,66.65,0.43
berbera,20150527,10.44,45.01,5.7007,30.88,2.44,2.74,70.2,0.53
berbera,20150528,10.44,45.01,5.124,30.25,2.12,2.37,66.38,0.2
berbera,20150529,10.44,45.01,6.6919,30.81,2.56,2.87,63.65,0.05
berbera,20150530,10.44,45.01,7.025,31.57,3.49,3.92,61.54,0.13
berbera,20150531,10.44,45.01,6.9362,31.32,4.1,4.53,64.9,2.73
berbera,20150601,10.44,45.01,6.4867,30.97,2.81,3.16,66.34,4.64
berbera,20150602,10.44,45.01,5.2229,29.89,2.55,2.94,71.32,11.22
berbera,20150603,10.44,45.01,6.9401,30.62,3.2,3.72,59.92,0.34
berbera,20150604,10.44,45.01,7.0375,32.12,4.19,5.25,51.66,0.02
berbera,20150605,10.44,45.01,7.0848,32.56,4.29,5.41,57.21,0.0
berbera,20150606,10.44,45.01,6.871,32.18,3.58,4.3,60.94,0.04
berbera,20150607,10.44,45.01,6.9089,31.95,3.55,4.15,60.22,0.01
berbera,20150608,10.44,45.01,6.7774,32.55,4.69,5.81,58.47,0.01
berbera,20150609,10.44,45.01,6.317,33.14,6.31,7.89,53.12,0.0
berbera,20150610,10.44,45.01,6.546,33.02,7.0,8.84,52.29,0.0
berbera,20150611,10.44,45.01,6.5354,33.14,7.79,9.67,47.55,0.0
berbera,20150612,10.44,45.01,6.1068,33.1,7.41,9.36,48.47,0.0
berbera,20150613,10.44,45.01,5.8819,32.76,6.95,8.96,52.61,0.0
berbera,20150614,10.44,45.01,6.4454,32.39,6.45,8.53,51.93,0.01
berbera,20150615,10.44,45.01,6.5148,32.63,7.33,9.4,51.79,0.0
berbera,20150616,10.44,45.01,6.66,32.72,7.84,10.0,49.59,0.0
berbera,20150617,10.44,45.01,6.1649,32.69,7.74,9.75,48.87,0.0
berbera,20150618,10.44,45.01,6.7116,33.01,8.0,10.12,46.96,0.0
berbera,20150619,10.44,45.01,6.2849,32.82,7.51,9.33,51.66,0.0
berbera,20150620,10.44,45.01,6.6684,33.21,7.94,9.94,48.6,0.03
berbera,20150621,10.44,45.01,6.2714,33.49,8.75,11.04,46.27,0.03
berbera,20150622,10.44,45.01,5.9626,33.35,7.72,9.9,48.11,0.04
berbera,20150623,10.44,45.01,6.1325,33.0,7.27,9.47,51.51,0.02
berbera,20150624,10.44,45.01,6.7421,32.73,6.95,9.08,53.29,0.31
berbera,20150625,10.44,45.01,6.7409,33.17,7.03,9.07,46.98,0.01
berbera,20150626,10.44,45.01,7.1042,33.32,7.01,8.94,45.93,0.0
berbera,20150627,10.44,45.01,6.8311,33.36,7.27,9.36,46.33,0.04
berbera,20150628,10.44,45.01,6.8232,32.98,6.26,8.17,47.43,0.05
berbera,20150629,10.44,45.01,6.7764,33.39,5.74,7.65,47.37,0.06
berbera,20150630,10.44,45.01,6.3977,33.33,6.22,8.13,49.74,0.01
berbera,20150701,10.44,45.01,5.9705,33.41,6.2,8.08,48.3,0.01
berbera,20150702,10.44,45.01,6.7723,33.22,5.86,7.66,48.87,0.02
berbera,20150703,10.44,45.01,6.924,33.58,6.67,8.53,46.45,0.0
berbera,20150704,10.44,45.01,6.6922,33.64,7.24,9.19,46.34,0.01
berbera,20150705,10.44,45.01,6.7925,33.9,8.32,10.47,43.88,0.0
berbera,20150706,10.44,45.01,6.8479,33.83,7.67,9.77,44.6,0.01
berbera,20150707,10.44,45.01,6.5974,33.65,7.08,9.24,47.02,0.01
berbera,20150708,10.44,45.01,6.4445,33.62,8.7,11.18,47.26,0.04
berbera,20150709,10.44,45.01,6.0082,32.93,9.75,12.2,47.64,0.03
berbera,20150710,10.44,45.01,6.187,33.14,8.55,10.74,46.13,0.0
berbera,20150711,10.44,45.01,6.5947,33.3,8.84,11.19,46.51,0.0
berbera,20150712,10.44,45.01,6.6559,33.41,9.13,11.52,43.51,0.0
berbera,20150713,10.44,45.01,6.0026,33.18,8.82,11.06,46.93,0.0
berbera,20150714,10.44,45.01,6.4687,33.07,8.49,10.73,45.95,0.0
berbera,20150715,10.44,45.01,6.259,33.18,8.25,10.55,44.76,0.03
berbera,20150716,10.44,45.01,6.4558,32.83,8.44,11.08,48.7,0.0
berbera,20150717,10.44,45.01,5.892,32.79,7.95,10.79,48.83,0.0
berbera,20150718,10.44,45.01,5.3287,32.82,9.14,11.71,46.19,0.0
berbera,20150719,10.44,45.01,5.203,33.1,9.0,11.39,45.42,0.02
berbera,20150720,10.44,45.01,6.6629,32.56,8.91,11.21,46.24,0.28
berbera,20150721,10.44,45.01,5.8109,32.65,8.32,10.54,45.9,0.02
berbera,20150722,10.44,45.01,4.9555,32.7,7.5,9.59,42.97,0.01
berbera,20150723,10.44,45.01,6.2285,33.04,7.53,9.71,42.66,0.0
berbera,20150724,10.44,45.01,6.2242,32.6,6.64,8.7,45.91,0.07
berbera,20150725,10.44,45.01,6.8227,32.53,6.34,8.5,46.59,0.0
berbera,20150726,10.44,45.01,6.5633,32.81,6.68,8.8,44.11,0.0
berbera,20150727,10.44,45.01,6.2374,33.36,7.99,10.24,43.69,0.0
berbera,20150728,10.44,45.01,6.7534,33.58,9.09,11.5,44.07,0.0
berbera,20150729,10.44,45.01,6.4783,33.44,8.17,10.41,45.44,0.04
berbera,20150730,10.44,45.01,5.6489,33.21,7.99,10.13,46.09,0.22
berbera,20150731,10.44,45.01,6.2832,32.81,8.91,11.15,47.96,0.73
berbera,20150801,10.44,45.01,6.6746,33.07,8.31,10.55,46.86,0.35
berbera,20150802,10.44,45.01,6.2273,32.41,7.31,9.47,53.2,1.26
berbera,20150803,10.44,45.01,6.779,32.25,7.13,9.04,53.11,0.71
berbera,20150804,10.44,45.01,6.8371,32.69,9.86,12.41,50.16,0.02
berbera,20150805,10.44,45.01,6.803,32.0,9.03,11.47,51.53,0.1
berbera,20150806,10.44,45.01,6.4906,32.13,6.79,8.8,51.59,0.07
berbera,20150807,10.44,45.01,6.6461,32.7,7.89,9.91,48.62,0.23
berbera,20150808,10.44,45.01,6.805,32.39,8.64,10.75,48.07,0.02
berbera,20150809,10.44,45.01,6.953,32.85,8.34,10.31,45.96,0.01
berbera,20150810,10.44,45.01,6.9756,32.81,6.83,8.51,47.41,0.53
berbera,20150811,10.44,45.01,6.7121,32.84,6.68,8.38,47.59,0.17
berbera,20150812,10.44,45.01,6.7214,33.73,8.31,10.42,45.31,0.37
berbera,20150813,10.44,45.01,6.8201,33.91,8.89,11.32,42.58,0.07
berbera,20150814,10.44,45.01,6.4577,32.56,6.75,8.82,48.92,0.12
berbera,20150815,10.44,45.01,5.5538,33.46,8.86,11.34,44.1,0.1
berbera,20150816,10.44,45.01,6.72,33.44,9.24,11.56,43.32,0.03
berbera,20150817,10.44,45.01,6.6209,33.14,8.13,10.28,45.7,0.02
berbera,20150818,10.44,45.01,6.6917,32.9,7.5,9.57,47.05,0.05
berbera,20150819,10.44,45.01,6.9274,32.69,6.46,8.39,49.09,0.01
berbera,20150820,10.44,45.01,7.0613,33.66,7.0,8.87,46.58,0.0
berbera,20150821,10.44,45.01,6.864,33.63,7.44,9.52,46.4,0.0
berbera,20150822,10.44,45.01,7.1261,33.77,9.04,11.51,44.47,0.01
berbera,20150823,10.44,45.01,7.1314,33.3,7.71,9.72,48.26,0.0
berbera,20150824,10.44,45.01,7.0826,33.38,8.58,10.66,46.27,0.03
berbera,20150825,10.44,45.01,6.7013,33.42,8.77,10.85,46.56,0.03
berbera,20150826,10.44,45.01,6.9317,32.91,6.92,8.77,49.55,0.07
berbera,20150827,10.44,45.01,7.1407,32.83,5.81,7.64,51.06,0.07
berbera,20150828,10.44,45.01,6.9158,32.78,5.03,6.46,48.66,0.02
berbera,20150829,10.44,45.01,6.5906,33.08,5.69,7.57,50.03,0.31
berbera,20150830,10.44,45.01,6.9434,33.28,5.31,6.92,45.76,0.03
berbera,20150831,10.44,45.01,6.9821,33.23,5.79,7.46,44.87,0.01
berbera,20150901,10.44,45.01,7.2221,32.92,5.22,6.9,48.0,0.02
berbera,20150902,10.44,45.01,6.8801,33.37,4.6,6.17,47.66,0.0
berbera,20150903,10.44,45.01,6.9053,33.64,4.28,5.82,48.71,0.0
berbera,20150904,10.44,45.01,6.4608,34.2,5.59,7.5,46.55,0.0
berbera,20150905,10.44,45.01,6.563,33.56,5.19,6.69,50.35,0.01
berbera,20150906,10.44,45.01,6.7704,32.62,5.08,6.43,55.27,0.0
berbera,20150907,10.44,45.01,6.7594,32.35,4.83,5.91,56.47,0.02
berbera,20150908,10.44,45.01,6.8004,32.88,4.67,5.79,54.42,0.04
berbera,20150909,10.44,45.01,6.847,32.63,4.58,5.49,51.28,0.02
berbera,20150910,10.44,45.01,6.6437,32.59,4.08,4.89,55.64,0.02
berbera,20150911,10.44,45.01,7.0886,32.4,3.59,4.1,57.49,0.02
berbera,20150912,10.44,45.01,6.7476,32.01,3.32,3.72,60.04,0.04
berbera,20150913,10.44,45.01,5.4725,31.81,2.84,3.18,60.85,0.0
berbera,20150914,10.44,45.01,6.7522,31.46,2.98,3.31,62.07,0.0
berbera,20150915,10.44,45.01,7.1822,32.19,3.72,4.4,56.1,0.0
berbera,20150916,10.44,45.01,7.0114,32.9,4.48,5.42,48.9,0.0
berbera,20150917,10.44,45.01,6.7536,33.02,4.08,4.91,53.26,0.0
berbera,20150918,10.44,45.01,6.5318,33.3,4.59,5.5,50.89,0.02
berbera,20150919,10.44,45.01,6.6437,33.4,4.68,5.64,51.6,0.01
berbera,20150920,10.44,45.01,6.6134,33.69,4.69,6.1,47.58,0.0
berbera,20150921,10.44,45.01,6.8794,33.64,5.38,6.78,48.43,0.0
berbera,20150922,10.44,45.01,6.8136,32.69,5.7,6.78,51.87,0.0
berbera,20150923,10.44,45.01,6.8779,32.78,5.45,6.55,51.73,0.01
berbera,20150924,10.44,45.01,6.7944,32.17,4.13,4.67,52.12,0.06
berbera,20150925,10.44,45.01,6.4716,32.31,3.51,4.05,54.73,0.09
berbera,20150926,10.44,45.01,6.361,32.19,4.2,4.84,55.6,0.32
berbera,20150927,10.44,45.01,6.4879,31.77,3.74,4.24,56.86,0.75
berbera,20150928,10.44,45.01,6.5292,30.93,3.31,3.56,60.27,0.0
berbera,20150929,10.44,45.01,6.9912,30.75,3.38,3.8,58.87,0.0
berbera,20150930,10.44,45.01,6.9396,30.46,4.54,5.18,60.09,0.0
berbera,20151001,10.44,45.01,6.9574,29.46,4.97,5.59,66.29,0.0
berbera,20151002,10.44,45.01,6.3271,29.17,4.19,4.55,70.44,0.0
berbera,20151003,10.44,45.01,6.773,29.4,3.52,3.81,66.84,0.04
berbera,20151004,10.44,45.01,6.3106,30.26,2.53,2.65,57.71,0.01
berbera,20151005,10.44,45.01,6.6746,31.1,2.77,2.91,57.48,0.0
berbera,20151006,10.44,45.01,6.8695,31.17,2.92,3.22,51.72,0.0
berbera,20151007,10.44,45.01,6.7906,30.81,3.25,3.55,55.27,0.0
berbera,20151008,10.44,45.01,6.5088,30.15,3.73,4.12,65.06,0.04
berbera,20151009,10.44,45.01,6.7387,29.67,3.82,4.19,64.14,0.05
berbera,20151010,10.44,45.01,6.8304,29.59,4.1,4.54,62.35,0.03
berbera,20151011,10.44,45.01,6.9643,29.65,2.66,2.82,53.73,0.0
berbera,20151012,10.44,45.01,6.6979,30.03,2.77,3.12,50.57,0.0
berbera,20151013,10.44,45.01,6.6307,30.98,3.27,3.75,52.01,0.0
berbera,20151014,10.44,45.01,6.4584,30.41,3.48,3.93,54.69,0.01
berbera,20151015,10.44,45.01,6.834,29.69,3.56,3.98,62.63,0.01
berbera,20151016,10.44,45.01,6.582,29.02,3.88,4.29,68.92,0.03
berbera,20151017,10.44,45.01,6.4579,28.97,3.7,3.99,72.48,0.73
berbera,20151018,10.44,45.01,6.2532,28.72,3.67,4.11,77.3,7.26
berbera,20151019,10.44,45.01,5.8927,28.89,4.3,4.85,75.79,3.21
berbera,20151020,10.44,45.01,5.6006,29.07,3.37,3.7,70.68,3.39
berbera,20151021,10.44,45.01,5.8315,28.48,3.13,3.41,73.72,5.83
berbera,20151022,10.44,45.01,6.1294,28.64,3.38,3.7,73.39,1.04
berbera,20151023,10.44,45.01,6.257,28.57,3.7,4.16,66.18,0.0
berbera,20151024,10.44,45.01,6.245,28.28,2.69,2.96,63.55,0.0
berbera,20151025,10.44,45.01,6.041,28.62,2.65,2.88,69.27,0.03
berbera,20151026,10.44,45.01,6.0905,28.89,3.12,3.44,69.7,0.01
berbera,20151027,10.44,45.01,6.2995,28.87,3.77,4.23,65.96,0.0
berbera,20151028,10.44,45.01,6.4519,28.5,4.24,4.73,67.56,0.0
berbera,20151029,10.44,45.01,6.1166,28.64,4.75,5.21,71.53,0.15
berbera,20151030,10.44,45.01,5.6443,28.96,4.3,4.77,71.52,0.23
berbera,20151031,10.44,45.01,6.1181,28.34,3.4,3.71,71.86,0.09
berbera,20151101,10.44,45.01,6.2189,28.56,2.31,2.53,61.19,0.0
berbera,20151102,10.44,45.01,6.133,29.63,2.19,2.44,52.99,0.02
berbera,20151103,10.44,45.01,5.9172,30.33,4.23,4.86,53.82,0.13
berbera,20151104,10.44,45.01,4.8972,29.03,4.77,5.3,74.8,12.68
berbera,20151105,10.44,45.01,1.4066,27.95,3.7,4.16,82.99,21.53
berbera,20151106,10.44,45.01,5.9822,27.46,3.46,3.85,80.87,11.43
berbera,20151107,10.44,45.01,6.2995,27.3,3.42,3.81,72.68,0.24
berbera,20151108,10.44,45.01,6.3665,27.03,2.55,2.84,64.77,0.0
berbera,20151109,10.44,45.01,5.2757,27.52,2.55,2.83,66.75,0.01
berbera,20151110,10.44,45.01,6.1884,27.91,2.7,2.91,70.53,0.19
berbera,20151111,10.44,45.01,5.0143,28.14,2.78,3.03,75.44,2.47
berbera,20151112,10.44,45.01,5.3489,27.8,2.86,3.19,80.35,7.63
berbera,20151113,10.44,45.01,6.0878,27.32,5.02,5.79,76.83,2.28
berbera,20151114,10.44,45.01,5.9508,26.66,4.11,4.71,69.38,0.12
berbera,20151115,10.44,45.01,6.0055,27.08,4.34,5.07,67.68,0.05
berbera,20151116,10.44,45.01,5.8682,27.19,4.32,4.98,69.07,0.1
berbera,20151117,10.44,45.01,5.994,27.05,4.58,5.28,69.87,0.0
berbera,20151118,10.44,45.01,5.7833,26.67,4.07,4.54,75.0,0.0
berbera,20151119,10.44,45.01,5.8973,26.35,3.65,4.09,75.94,0.01
berbera,20151120,10.44,45.01,6.2683,26.12,3.58,4.07,71.8,0.0
berbera,20151121,10.44,45.01,5.9126,26.03,3.48,3.98,73.73,0.0
berbera,20151122,10.44,45.01,6.2362,26.18,4.16,4.82,71.21,0.06
berbera,20151123,10.44,45.01,6.2878,25.88,3.25,3.7,70.45,0.02
berbera,20151124,10.44,45.01,6.0034,26.09,3.6,4.08,71.54,0.04
berbera,20151125,10.44,45.01,5.4806,26.74,4.8,5.49,75.3,0.22
berbera,20151126,10.44,45.01,4.8845,26.94,5.18,5.87,78.96,2.45
berbera,20151127,10.44,45.01,5.5416,26.9,4.87,5.65,79.28,0.52
berbera,20151128,10.44,45.01,5.3047,26.48,3.88,4.47,76.26,0.24
berbera,20151129,10.44,45.01,6.0264,26.08,3.82,4.4,72.84,0.02
berbera,20151130,10.44,45.01,6.0223,25.73,4.2,4.91,73.63,0.01
berbera,20151201,10.44,45.01,5.6803,25.52,3.77,4.34,73.7,0.02
berbera,20151202,10.44,45.01,5.8433,25.18,4.0,4.63,75.07,0.98
berbera,20151203,10.44,45.01,5.8867,25.18,3.16,3.57,74.12,1.25
berbera,20151204,10.44,45.01,5.778,25.25,3.25,3.75,73.3,0.3
berbera,20151205,10.44,45.01,6.0038,25.54,4.01,4.64,70.89,0.66
berbera,20151206,10.44,45.01,6.0636,25.08,3.04,3.42,69.26,0.02
berbera,20151207,10.44,45.01,5.9779,24.92,3.16,3.57,69.82,0.01
berbera,20151208,10.44,45.01,5.6993,25.06,4.96,5.81,75.47,1.35
berbera,20151209,10.44,45.01,5.465,25.18,5.49,6.49,74.56,2.61
berbera,20151210,10.44,45.01,5.6186,25.26,4.47,5.19,69.21,0.8
berbera,20151211,10.44,45.01,5.6604,25.01,4.33,5.0,71.55,0.34
berbera,20151212,10.44,45.01,5.8846,24.71,4.04,4.61,67.0,0.0
berbera,20151213,10.44,45.01,6.0552,24.2,3.61,4.15,71.54,0.01
berbera,20151214,10.44,45.01,5.2994,24.69,3.35,3.8,73.26,0.1
berbera,20151215,10.44,45.01,5.6966,24.96,2.36,2.56,71.05,0.09
berbera,20151216,10.44,45.01,5.8867,25.04,3.19,3.71,73.28,0.22
berbera,20151217,10.44,45.01,5.5188,25.73,5.16,6.09,75.12,6.09
berbera,20151218,10.44,45.01,5.3938,25.36,4.71,5.49,77.31,4.68
berbera,20151219,10.44,45.01,5.3278,24.79,4.35,5.07,76.07,2.21
berbera,20151220,10.44,45.01,5.7449,24.29,3.85,4.44,73.34,1.08
berbera,20151221,10.44,45.01,5.6702,24.1,3.15,3.58,74.73,1.72
berbera,20151222,10.44,45.01,5.6693,24.41,4.12,4.81,75.58,0.14
berbera,20151223,10.44,45.01,4.4707,25.44,4.99,5.69,78.19,1.23
berbera,20151224,10.44,45.01,3.3794,25.79,5.42,6.21,79.47,1.18
berbera,20151225,10.44,45.01,4.6082,25.53,4.26,4.89,79.64,1.69
berbera,20151226,10.44,45.01,5.2982,25.06,3.9,4.54,77.95,0.47
berbera,20151227,10.44,45.01,5.2553,24.95,6.88,8.06,75.47,0.07
berbera,20151228,10.44,45.01,4.6529,24.81,7.12,8.33,74.75,0.1
berbera,20151229,10.44,45.01,5.6112,24.83,6.5,7.56,74.89,0.13
berbera,20151230,10.44,45.01,5.6239,24.6,4.5,5.22,75.16,0.02
berbera,20151231,10.44,45.01,5.4677,24.63,3.42,3.86,78.3,0.04
berbera,20160101,10.44,45.01,5.6779,25.12,3.48,3.97,77.15,0.12
berbera,20160102,10.44,45.01,4.2115,25.74,3.34,3.79,80.81,0.28
berbera,20160103,10.44,45.01,4.6937,25.78,3.85,4.36,80.68,0.39
berbera,20160104,10.44,45.01,5.5606,25.62,5.68,6.66,76.48,0.46
berbera,20160105,10.44,45.01,5.723,25.05,5.11,5.92,74.14,0.07
berbera,20160106,10.44,45.01,5.382,24.67,4.13,4.75,75.98,0.0
berbera,20160107,10.44,45.01,5.725,24.54,4.43,5.13,74.76,0.0
berbera,20160108,10.44,45.01,5.5126,24.61,4.12,4.76,74.27,0.0
berbera,20160109,10.44,45.01,5.7228,24.91,4.01,4.6,74.96,0.0
berbera,20160110,10.44,45.01,5.3256,24.93,3.67,4.16,76.19,0.0
berbera,20160111,10.44,45.01,5.5423,24.81,4.29,4.93,75.65,0.14
berbera,20160112,10.44,45.01,5.9693,24.72,4.79,5.58,72.81,0.04
berbera,20160113,10.44,45.01,5.3251,24.68,3.96,4.62,72.89,0.39
berbera,20160114,10.44,45.01,5.7499,24.68,4.21,4.84,73.48,0.19
berbera,20160115,10.44,45.01,5.431,24.9,4.42,5.08,75.96,1.03
berbera,20160116,10.44,45.01,5.3976,24.94,4.1,4.7,76.82,1.17
berbera,20160117,10.44,45.01,5.6302,24.85,3.87,4.43,75.17,0.63
berbera,20160118,10.44,45.01,5.8651,24.61,3.94,4.5,75.13,0.49
berbera,20160119,10.44,45.01,6.174,24.28,4.12,4.71,71.71,0.53
berbera,20160120,10.44,45.01,6.001,23.74,4.34,5.01,74.02,0.47
berbera,20160121,10.44,45.01,6.1716,23.71,4.88,5.71,71.82,0.0
berbera,20160122,10.44,45.01,6.1716,23.92,4.95,5.79,68.99,0.0
berbera,20160123,10.44,45.01,6.246,24.32,4.33,5.0,71.61,0.0
berbera,20160124,10.44,45.01,5.5423,24.51,3.91,4.43,76.84,0.0
berbera,20160125,10.44,45.01,5.4185,24.43,2.85,3.13,77.82,0.0
berbera,20160126,10.44,45.01,5.7492,24.33,1.79,1.87,73.28,0.04
berbera,20160127,10.44,45.01,5.0976,24.75,3.31,3.77,80.96,0.2
berbera,20160128,10.44,45.01,4.8926,24.64,5.24,6.08,78.14,0.52
berbera,20160129,10.44,45.01,5.1331,24.55,4.06,4.62,78.92,0.21
berbera,20160130,10.44,45.01,4.8924,24.68,5.84,6.79,77.26,0.57
berbera,20160131,10.44,45.01,5.7331,24.44,6.51,7.57,74.51,0.12
berbera,20160201,10.44,45.01,5.9659,24.02,5.66,6.59,73.17,0.02
berbera,20160202,10.44,45.01,5.5622,24.25,4.86,5.56,72.93,0.04
berbera,20160203,10.44,45.01,6.012,24.31,4.72,5.49,75.25,0.04
berbera,20160204,10.44,45.01,6.1313,24.47,5.05,5.89,75.77,0.04
berbera,20160205,10.44,45.01,6.247,24.56,5.5,6.44,73.68,0.02
berbera,20160206,10.44,45.01,6.503,24.09,4.86,5.61,68.85,0.0
berbera,20160207,10.44,45.01,6.1018,23.37,3.92,4.4,72.39,0.01
berbera,20160208,10.44,45.01,6.467,23.32,2.55,2.68,69.41,0.0
berbera,20160209,10.44,45.01,5.5114,23.68,2.77,2.99,74.85,0.0
berbera,20160210,10.44,45.01,6.7906,23.62,4.43,5.04,71.51,0.1
berbera,20160211,10.44,45.01,6.6924,23.26,2.97,3.3,71.06,0.19
berbera,20160212,10.44,45.01,6.7529,23.24,3.63,4.13,69.62,0.02
berbera,20160213,10.44,45.01,6.5729,23.88,4.76,5.46,72.56,0.01
berbera,20160214,10.44,45.01,6.547,24.32,4.6,5.27,69.95,0.06
berbera,20160215,10.44,45.01,6.7879,24.3,5.14,5.9,65.17,0.0
berbera,20160216,10.44,45.01,6.6962,24.16,4.88,5.61,66.22,0.0
berbera,20160217,10.44,45.01,6.7241,24.25,4.82,5.52,62.06,0.0
berbera,20160218,10.44,45.01,6.9792,24.08,4.65,5.36,60.1,0.0
berbera,20160219,10.44,45.01,7.1054,23.88,5.71,6.7,58.38,0.0
berbera,20160220,10.44,45.01,7.0872,23.59,5.76,6.72,64.49,0.03
berbera,20160221,10.44,45.01,6.4862,24.0,5.28,5.95,72.64,0.12
berbera,20160222,10.44,45.01,6.2782,25.8,5.94,6.9,72.91,0.03
berbera,20160223,10.44,45.01,6.336,26.54,5.01,5.78,78.01,0.13
berbera,20160224,10.44,45.01,5.4077,26.14,3.14,3.48,82.58,0.83
berbera,20160225,10.44,45.01,6.2131,26.07,3.66,4.04,82.95,0.94
berbera,20160226,10.44,45.01,6.5249,25.9,3.92,4.37,80.83,0.47
berbera,20160227,10.44,45.01,6.6379,25.6,4.22,4.67,76.75,0.15
berbera,20160228,10.44,45.01,6.3518,25.16,3.89,4.28,78.12,0.33
berbera,20160229,10.44,45.01,6.2006,25.2,3.56,3.9,78.07,0.31
berbera,20160301,10.44,45.01,6.6192,25.58,3.71,4.01,74.44,0.15
berbera,20160302,10.44,45.01,7.1011,26.4,4.24,4.82,67.99,0.35
berbera,20160303,10.44,45.01,6.6048,26.86,4.74,5.56,68.15,0.13
berbera,20160304,10.44,45.01,7.0908,27.02,4.4,5.23,64.21,0.06
berbera,20160305,10.44,45.01,7.063,27.11,3.26,3.73,66.46,0.15
berbera,20160306,10.44,45.01,6.9178,26.88,3.12,3.38,68.43,0.15
berbera,20160307,10.44,45.01,6.3869,26.66,3.71,4.01,76.29,0.01
berbera,20160308,10.44,45.01,6.3259,27.0,3.63,4.05,77.32,0.01
berbera,20160309,10.44,45.01,6.51,27.34,3.24,3.71,76.89,0.01
berbera,20160310,10.44,45.01,6.8059,27.34,3.45,3.96,76.84,0.0
berbera,20160311,10.44,45.01,6.8124,26.98,3.79,4.29,78.52,0.02
berbera,20160312,10.44,45.01,6.8978,26.97,3.64,4.01,76.03,0.0
berbera,20160313,10.44,45.01,7.0344,27.05,3.51,3.88,72.41,0.0
berbera,20160314,10.44,45.01,7.2034,27.52,3.57,4.16,66.41,0.0
berbera,20160315,10.44,45.01,7.2202,27.79,3.15,3.67,61.85,0.0
berbera,20160316,10.44,45.01,7.1978,26.95,2.5,2.59,71.24,0.0
berbera,20160317,10.44,45.01,6.5777,26.88,2.67,2.75,73.11,0.09
berbera,20160318,10.44,45.01,7.0322,27.35,2.9,3.03,69.2,0.0
berbera,20160319,10.44,45.01,7.0805,27.14,3.13,3.3,71.5,0.0
berbera,20160320,10.44,45.01,6.9775,26.83,3.51,3.84,77.38,0.55
berbera,20160321,10.44,45.01,7.1748,27.36,4.4,4.87,75.54,1.38
berbera,20160322,10.44,45.01,7.1671,27.49,3.42,3.72,71.72,0.04
berbera,20160323,10.44,45.01,7.0308,27.42,3.6,3.79,74.38,0.17
berbera,20160324,10.44,45.01,6.6898,27.58,4.75,5.37,77.8,0.25
berbera,20160325,10.44,45.01,6.7296,27.42,4.93,5.61,75.96,0.29
berbera,20160326,10.44,45.01,6.8441,27.25,4.73,5.28,74.67,0.19
berbera,20160327,10.44,45.01,6.8563,27.51,4.31,4.87,74.55,0.01
berbera,20160328,10.44,45.01,7.1126,27.97,4.12,4.72,73.57,0.01
berbera,20160329,10.44,45.01,7.0193,28.18,3.95,4.55,73.82,0.01
berbera,20160330,10.44,45.01,7.1326,27.87,3.87,4.26,75.27,0.01
berbera,20160331,10.44,45.01,7.2163,27.86,4.34,4.83,74.0,0.01
berbera,20160401,10.44,45.01,7.1858,28.26,5.15,5.85,70.12,0.01
berbera,20160402,10.44,45.01,6.4606,28.29,5.52,6.41,72.57,0.25
berbera,20160403,10.44,45.01,6.4284,27.57,4.18,4.81,79.92,0.41
berbera,20160404,10.44,45.01,6.504,28.04,3.82,4.33,76.73,0.34
berbera,20160405,10.44,45.01,6.9989,28.72,3.95,4.53,71.31,0.18
berbera,20160406,10.44,45.01,6.9202,29.07,3.9,4.46,69.6,1.1
berbera,20160407,10.44,45.01,7.1388,28.72,3.94,4.55,73.04,0.53
berbera,20160408,10.44,45.01,7.1119,29.5,3.4,3.95,67.02,0.82
berbera,20160409,10.44,45.01,6.4459,29.28,3.43,3.7,71.32,3.55
berbera,20160410,10.44,45.01,5.8886,29.07,2.8,3.5,73.61,8.96
berbera,20160411,10.44,45.01,6.9835,29.28,4.14,4.83,69.91,1.31
berbera,20160412,10.44,45.01,7.1779,30.18,3.55,4.49,66.46,0.79
berbera,20160413,10.44,45.01,6.5762,30.83,3.57,4.95,62.27,1.24
berbera,20160414,10.44,45.01,4.9394,28.85,3.21,4.02,71.45,7.59
berbera,20160415,10.44,45.01,5.1235,27.93,3.48,3.79,78.29,4.54
berbera,20160416,10.44,45.01,6.6504,27.99,2.41,2.6,76.59,0.54
berbera,20160417,10.44,45.01,6.3362,28.99,3.01,3.39,71.8,0.46
berbera,20160418,10.44,45.01,6.9302,28.95,2.89,3.19,72.53,0.16
berbera,20160419,10.44,45.01,7.3027,29.45,3.77,4.3,71.73,0.5
berbera,20160420,10.44,45.01,6.9163,29.83,4.04,4.73,66.44,0.46
berbera,20160421,10.44,45.01,7.1194,29.26,2.98,3.27,71.67,1.53
berbera,20160422,10.44,45.01,7.1981,29.45,3.47,4.0,64.8,0.11
berbera,20160423,10.44,45.01,6.9876,29.46,3.85,4.42,65.02,1.36
berbera,20160424,10.44,45.01,6.6221,29.83,3.16,3.98,71.71,7.48
berbera,20160425,10.44,45.01,5.7266,29.39,2.63,3.74,75.47,12.26
berbera,20160426,10.44,45.01,7.0639,29.27,3.18,3.83,71.86,3.96
berbera,20160427,10.44,45.01,5.7979,29.09,3.07,3.71,74.31,7.08
berbera,20160428,10.44,45.01,6.6298,29.52,3.1,3.76,69.14,9.77
berbera,20160429,10.44,45.01,6.1949,29.66,2.98,3.53,70.08,8.43
berbera,20160430,10.44,45.01,6.6893,29.64,2.91,3.35,69.19,5.27
berbera,20160501,10.44,45.01,6.9211,29.71,2.72,3.1,69.8,4.69
berbera,20160502,10.44,45.01,6.841,29.32,2.49,2.62,75.59,4.59
berbera,20160503,10.44,45.01,6.001,29.39,2.49,2.76,76.45,7.88
berbera,20160504,10.44,45.01,6.5201,29.77,2.2,2.57,73.56,6.49
berbera,20160505,10.44,45.01,6.7865,29.72,1.93,2.32,72.24,7.44
berbera,20160506,10.44,45.01,5.8519,30.11,2.85,3.33,68.03,2.57
berbera,20160507,10.44,45.01,6.3838,30.19,3.15,3.71,65.46,0.87
berbera,20160508,10.44,45.01,6.3446,30.28,3.52,4.15,65.68,0.69
berbera,20160509,10.44,45.01,7.1258,30.04,3.77,4.38,68.97,0.37
berbera,20160510,10.44,45.01,6.7056,30.23,4.43,5.4,68.83,2.17
berbera,20160511,10.44,45.01,6.7157,30.91,3.83,4.78,67.62,0.64
berbera,20160512,10.44,45.01,6.4766,31.22,3.67,4.42,59.54,0.45
berbera,20160513,10.44,45.01,6.7538,30.46,2.51,2.88,62.96,1.18
berbera,20160514,10.44,45.01,6.8945,30.27,2.23,2.52,65.64,0.48
berbera,20160515,10.44,45.01,7.0094,30.31,2.63,3.03,67.75,0.03
berbera,20160516,10.44,45.01,6.8839,31.67,2.13,2.74,58.5,0.0
berbera,20160517,10.44,45.01,7.0615,32.11,4.48,5.59,57.06,0.0
berbera,20160518,10.44,45.01,6.9478,32.15,5.67,7.06,58.23,0.0
berbera,20160519,10.44,45.01,6.9091,32.27,6.49,7.88,58.26,0.0
berbera,20160520,10.44,45.01,7.0668,32.08,6.82,8.3,57.64,0.0
berbera,20160521,10.44,45.01,6.9581,31.72,6.21,7.38,60.45,0.01
berbera,20160522,10.44,45.01,6.7646,32.52,5.7,7.08,56.48,0.02
berbera,20160523,10.44,45.01,6.8506,32.38,5.51,6.6,58.72,0.01
berbera,20160524,10.44,45.01,7.1328,32.54,5.44,6.46,58.17,0.01
berbera,20160525,10.44,45.01,6.9914,32.58,5.69,6.74,54.78,0.0
berbera,20160526,10.44,45.01,6.533,32.53,6.36,7.6,53.55,0.0
berbera,20160527,10.44,45.01,7.0759,32.52,6.5,7.76,50.47,0.0
berbera,20160528,10.44,45.01,7.0162,33.07,5.71,6.79,50.57,0.0
berbera,20160529,10.44,45.01,6.9518,33.07,5.66,6.82,50.22,0.0
berbera,20160530,10.44,45.01,6.8201,32.99,5.68,6.84,50.53,0.0
berbera,20160531,10.44,45.01,6.9134,32.68,5.53,6.57,49.58,0.0
berbera,20160601,10.44,45.01,7.1249,32.69,5.88,7.03,50.54,0.0
berbera,20160602,10.44,45.01,7.039,32.93,5.77,6.99,48.72,0.0
berbera,20160603,10.44,45.01,7.0006,32.53,5.29,6.18,55.68,0.0
berbera,20160604,10.44,45.01,7.0188,33.0,5.33,6.3,54.74,0.0
berbera,20160605,10.44,45.01,7.1237,33.34,5.79,6.94,52.36,0.02
berbera,20160606,10.44,45.01,6.5688,33.1,5.62,6.84,52.81,0.0
berbera,20160607,10.44,45.01,7.1165,33.34,6.32,7.84,50.9,0.0
berbera,20160608,10.44,45.01,6.9458,33.36,7.07,8.72,50.78,0.0
berbera,20160609,10.44,45.01,6.5856,32.89,7.07,8.42,52.11,0.0
berbera,20160610,10.44,45.01,6.9134,33.05,7.13,8.51,51.4,0.09
berbera,20160611,10.44,45.01,7.0745,32.84,5.82,6.99,50.17,0.0
berbera,20160612,10.44,45.01,7.0495,32.94,6.69,8.18,50.89,0.0
berbera,20160613,10.44,45.01,6.7649,33.23,6.76,8.15,52.82,0.02
berbera,20160614,10.44,45.01,7.1321,32.68,4.85,5.7,53.19,0.0
berbera,20160615,10.44,45.01,7.0831,33.29,6.36,7.77,48.29,0.0
berbera,20160616,10.44,45.01,6.9744,33.51,8.13,9.92,48.1,0.0
berbera,20160617,10.44,45.01,6.503,33.43,8.37,10.45,51.02,0.01
berbera,20160618,10.44,45.01,5.9851,33.43,8.78,10.8,49.46,0.02
berbera,20160619,10.44,45.01,5.4019,32.97,8.02,9.95,50.64,0.02
berbera,20160620,10.44,45.01,5.9875,32.84,7.07,8.84,49.58,0.4
berbera,20160621,10.44,45.01,6.2496,32.94,7.77,9.78,49.43,0.0
berbera,20160622,10.44,45.01,6.205,33.04,8.91,11.14,48.12,0.01
berbera,20160623,10.44,45.01,5.1754,32.26,7.75,9.66,48.95,0.02
berbera,20160624,10.44,45.01,5.5572,32.94,8.94,10.95,47.32,0.01
berbera,20160625,10.44,45.01,4.9025,32.86,11.13,13.61,46.89,0.08
berbera,20160626,10.44,45.01,5.4348,33.05,9.83,12.04,48.07,0.03
berbera,20160627,10.44,45.01,6.4342,32.98,9.37,11.67,48.21,0.01
berbera,20160628,10.44,45.01,6.5309,32.95,9.76,12.04,47.54,0.03
berbera,20160629,10.44,45.01,5.609,32.61,8.78,10.88,50.61,0.01
berbera,20160630,10.44,45.01,5.7854,32.73,7.95,10.21,49.22,0.01
berbera,20160701,10.44,45.01,6.3247,32.82,9.04,11.64,48.94,0.01
berbera,20160702,10.44,45.01,6.1963,33.04,8.56,11.03,48.16,0.03
berbera,20160703,10.44,45.01,4.7894,32.74,9.35,11.94,51.01,0.14
berbera,20160704,10.44,45.01,6.4039,31.87,11.83,14.61,51.77,0.03
berbera,20160705,10.44,45.01,6.4819,32.9,9.55,12.0,45.91,0.01
berbera,20160706,10.44,45.01,6.5311,32.74,8.29,10.65,46.15,0.0
berbera,20160707,10.44,45.01,6.4466,32.49,7.56,9.64,46.26,0.02
berbera,20160708,10.44,45.01,6.647,32.19,7.16,9.22,48.85,0.19
berbera,20160709,10.44,45.01,6.4618,32.1,7.63,9.62,50.25,0.81
berbera,20160710,10.44,45.01,5.34,32.26,7.79,10.03,49.26,0.14
berbera,20160711,10.44,45.01,6.3331,32.18,8.73,10.97,47.16,0.08
berbera,20160712,10.44,45.01,6.0552,31.77,7.96,9.96,49.46,0.15
berbera,20160713,10.44,45.01,6.4342,31.96,7.84,9.95,49.6,0.16
berbera,20160714,10.44,45.01,6.0754,31.82,7.4,9.54,47.93,0.0
berbera,20160715,10.44,45.01,6.5446,32.22,7.1,9.12,46.99,0.03
berbera,20160716,10.44,45.01,6.8678,32.57,7.74,9.91,46.6,0.25
berbera,20160717,10.44,45.01,5.9803,32.34,8.05,10.41,46.26,0.04
berbera,20160718,10.44,45.01,6.6602,32.4,10.38,12.99,44.61,0.01
berbera,20160719,10.44,45.01,6.6206,31.95,9.6,11.96,47.49,0.82
berbera,20160720,10.44,45.01,6.5347,32.03,6.55,8.45,48.93,0.0
berbera,20160721,10.44,45.01,6.408,32.03,6.2,8.18,50.64,0.0
berbera,20160722,10.44,45.01,6.6547,32.72,8.01,10.14,48.76,0.0
berbera,20160723,10.44,45.01,4.5182,32.92,8.31,10.62,45.99,0.0
berbera,20160724,10.44,45.01,6.4133,32.13,9.87,12.8,46.86,0.0
berbera,20160725,10.44,45.01,6.8501,32.69,7.02,9.19,47.77,0.01
berbera,20160726,10.44,45.01,6.1068,32.51,7.34,9.66,51.78,0.21
berbera,20160727,10.44,45.01,6.1255,31.96,8.75,11.14,50.89,0.31
berbera,20160728,10.44,45.01,4.8994,31.45,10.5,13.31,49.69,0.76
berbera,20160729,10.44,45.01,6.1118,30.91,8.25,10.26,54.93,0.23
berbera,20160730,10.44,45.01,5.8181,30.75,6.47,8.15,59.75,0.0
berbera,20160731,10.44,45.01,5.5315,31.28,6.36,7.94,55.51,0.0
berbera,20160801,10.44,45.01,6.0713,31.77,7.02,8.94,52.05,0.0
berbera,20160802,10.44,45.01,7.177,31.83,5.28,6.77,52.57,0.0
berbera,20160803,10.44,45.01,6.8878,30.99,5.88,7.23,62.3,0.0
berbera,20160804,10.44,45.01,6.9358,31.86,6.23,7.93,52.79,0.01
berbera,20160805,10.44,45.01,6.773,32.19,7.51,9.58,49.31,0.0
berbera,20160806,10.44,45.01,6.403,32.07,8.95,11.09,48.08,0.02
berbera,20160807,10.44,45.01,6.7872,32.48,9.26,11.67,46.99,0.0
berbera,20160808,10.44,45.01,6.3864,31.81,11.79,14.81,48.74,0.01
berbera,20160809,10.44,45.01,5.7355,30.98,10.7,13.66,50.7,1.55
berbera,20160810,10.44,45.01,5.9124,30.81,9.8,12.2,52.16,3.06
berbera,20160811,10.44,45.01,6.6266,31.11,8.01,9.97,48.45,0.25
berbera,20160812,10.44,45.01,6.5112,31.4,8.31,10.41,50.37,0.99
berbera,20160813,10.44,45.01,6.9458,32.28,7.94,10.05,48.33,0.15
berbera,20160814,10.44,45.01,6.9041,32.33,6.97,8.94,48.02,0.02
berbera,20160815,10.44,45.01,6.7706,32.45,6.47,8.49,49.81,0.06
berbera,20160816,10.44,45.01,6.8856,33.15,8.25,10.54,46.23,0.02
berbera,20160817,10.44,45.01,6.6768,32.74,8.39,10.7,47.26,0.06
berbera,20160818,10.44,45.01,6.5105,31.75,7.13,9.25,53.03,0.36
berbera,20160819,10.44,45.01,6.9146,32.06,6.39,8.37,53.41,0.04
berbera,20160820,10.44,45.01,6.6684,32.0,5.76,7.71,53.0,0.13
berbera,20160821,10.44,45.01,6.7918,32.02,6.14,8.2,54.19,0.07
berbera,20160822,10.44,45.01,6.9449,32.61,5.1,7.11,49.15,0.02
berbera,20160823,10.44,45.01,6.7358,32.63,5.94,8.12,50.04,0.03
berbera,20160824,10.44,45.01,7.0128,32.62,7.74,9.99,46.82,0.02
berbera,20160825,10.44,45.01,7.068,32.3,7.34,9.35,46.27,0.04
berbera,20160826,10.44,45.01,7.2324,32.59,6.85,8.69,45.9,0.07
berbera,20160827,10.44,45.01,7.2523,32.76,6.57,8.32,45.96,0.03
berbera,20160828,10.44,45.01,6.2568,32.96,7.54,9.49,44.26,0.18
berbera,20160829,10.44,45.01,6.7546,33.0,9.37,11.59,44.11,0.01
berbera,20160830,10.44,45.01,7.2538,32.72,8.49,10.42,43.42,0.01
berbera,20160831,10.44,45.01,7.212,32.92,7.36,9.14,44.63,0.0
berbera,20160901,10.44,45.01,7.1364,32.94,9.8,12.16,45.21,0.09
berbera,20160902,10.44,45.01,6.6936,32.32,8.32,10.33,46.53,0.02
berbera,20160903,10.44,45.01,7.1352,32.26,6.66,8.4,47.22,0.0
berbera,20160904,10.44,45.01,7.1287,32.16,5.04,6.3,48.95,0.0
berbera,20160905,10.44,45.01,7.0274,32.66,4.32,5.53,47.83,0.0
berbera,20160906,10.44,45.01,7.1515,33.15,6.0,7.73,48.4,0.0
berbera,20160907,10.44,45.01,6.2839,33.39,5.77,7.44,46.36,0.0
berbera,20160908,10.44,45.01,6.6602,33.22,5.84,7.65,47.18,0.01
berbera,20160909,10.44,45.01,6.6055,33.18,5.59,7.4,47.96,0.16
berbera,20160910,10.44,45.01,6.9686,33.13,5.46,7.01,48.65,0.02
berbera,20160911,10.44,45.01,6.8642,33.7,5.48,6.91,45.43,0.01
berbera,20160912,10.44,45.01,6.6036,33.52,5.75,7.48,46.92,0.1
berbera,20160913,10.44,45.01,6.7404,32.87,5.28,6.53,47.06,0.14
berbera,20160914,10.44,45.01,7.1448,32.21,5.74,6.84,51.14,0.01
berbera,20160915,10.44,45.01,7.0445,33.11,5.17,6.49,48.2,0.03
berbera,20160916,10.44,45.01,6.6694,32.93,4.59,5.63,49.3,0.06
berbera,20160917,10.44,45.01,6.8328,32.54,4.36,5.25,50.61,0.05
berbera,20160918,10.44,45.01,5.7907,33.1,4.32,5.49,49.42,0.0
berbera,20160919,10.44,45.01,6.691,33.04,5.22,6.33,50.7,0.0
berbera,20160920,10.44,45.01,6.9886,33.0,5.71,6.92,46.9,0.0
berbera,20160921,10.44,45.01,6.9,32.85,4.91,5.91,45.13,0.0
berbera,20160922,10.44,45.01,6.9394,33.08,3.92,4.66,44.35,0.0
berbera,20160923,10.44,45.01,6.8462,32.86,4.97,6.05,46.95,0.01
berbera,20160924,10.44,45.01,6.7447,33.05,5.46,6.73,50.88,0.03
berbera,20160925,10.44,45.01,6.4824,33.03,5.19,6.3,50.85,0.03
berbera,20160926,10.44,45.01,6.7339,32.5,4.05,4.66,52.13,0.14
berbera,20160927,10.44,45.01,6.3922,32.54,3.5,4.1,55.24,0.23
berbera,20160928,10.44,45.01,6.5189,32.73,2.67,3.19,52.05,0.47
berbera,20160929,10.44,45.01,6.563,32.95,3.11,3.82,49.96,0.2
berbera,20160930,10.44,45.01,6.0319,32.24,4.35,5.01,56.07,0.95
berbera,20161001,10.44,45.01,6.6838,31.72,3.69,4.17,57.62,1.0
berbera,20161002,10.44,45.01,6.7519,30.91,3.54,3.97,58.92,1.09
berbera,20161003,10.44,45.01,6.823,30.69,2.82,3.12,55.83,0.0
berbera,20161004,10.44,45.01,6.936,30.81,3.13,3.49,50.34,0.0
berbera,20161005,10.44,45.01,6.7819,30.86,3.97,4.57,51.37,0.0
berbera,20161006,10.44,45.01,6.9132,30.58,3.44,3.88,56.11,0.0
berbera,20161007,10.44,45.01,6.9194,30.31,3.5,3.89,56.8,0.0
berbera,20161008,10.44,45.01,7.0056,30.18,3.56,4.04,51.93,0.0
berbera,20161009,10.44,45.01,6.7013,30.68,3.29,3.7,56.61,0.86
berbera,20161010,10.44,45.01,6.7171,31.19,3.24,3.57,61.06,7.72
berbera,20161011,10.44,45.01,6.3223,30.56,2.84,3.2,66.5,11.04
berbera,20161012,10.44,45.01,6.4382,29.92,2.88,3.21,70.01,5.22
berbera,20161013,10.44,45.01,6.5335,29.89,2.53,2.85,66.57,0.0
berbera,20161014,10.44,45.01,6.1255,29.87,2.94,3.24,63.71,0.0
berbera,20161015,10.44,45.01,6.739,29.35,3.33,3.66,63.74,0.0
berbera,20161016,10.44,45.01,6.6845,28.79,4.01,4.53,65.07,0.0
berbera,20161017,10.44,45.01,6.7522,28.74,3.39,3.76,60.34,0.0
berbera,20161018,10.44,45.01,6.7481,28.77,3.43,3.83,53.37,0.0
berbera,20161019,10.44,45.01,6.6792,28.78,3.18,3.49,54.87,0.0
berbera,20161020,10.44,45.01,6.5184,28.92,3.07,3.29,59.43,0.0
berbera,20161021,10.44,45.01,6.4675,28.83,3.18,3.42,62.31,0.0
berbera,20161022,10.44,45.01,6.6324,28.78,3.15,3.42,60.35,0.0
berbera,20161023,10.44,45.01,6.7656,29.01,3.14,3.54,54.13,0.0
berbera,20161024,10.44,45.01,6.8926,28.89,3.58,4.06,50.05,0.0
berbera,20161025,10.44,45.01,6.8232,28.42,3.9,4.46,52.28,0.0
berbera,20161026,10.44,45.01,6.7646,27.67,5.04,5.82,62.29,0.0
berbera,20161027,10.44,45.01,6.5321,27.32,4.66,5.25,69.25,0.09
berbera,20161028,10.44,45.01,5.676,27.76,4.37,4.86,72.71,1.45
berbera,20161029,10.44,45.01,6.648,27.43,4.36,4.93,61.69,0.14
berbera,20161030,10.44,45.01,6.7481,26.95,3.09,3.44,56.04,0.0
berbera,20161031,10.44,45.01,6.7322,27.16,3.75,4.28,55.14,0.0
berbera,20161101,10.44,45.01,6.5981,27.0,4.02,4.58,58.34,0.0
berbera,20161102,10.44,45.01,6.6173,26.67,4.08,4.62,64.4,0.0
berbera,20161103,10.44,45.01,6.4944,26.5,3.86,4.27,70.25,0.01
berbera,20161104,10.44,45.01,6.4733,26.7,3.14,3.41,67.75,0.02
berbera,20161105,10.44,45.01,6.4044,26.56,2.79,3.06,66.16,0.0
berbera,20161106,10.44,45.01,6.5165,27.18,3.42,3.81,63.68,0.0
berbera,20161107,10.44,45.01,6.3938,27.17,3.56,3.98,69.12,0.0
berbera,20161108,10.44,45.01,6.1502,26.92,4.1,4.66,65.06,0.18
berbera,20161109,10.44,45.01,5.8726,26.37,3.61,4.16,56.59,0.0
berbera,20161110,10.44,45.01,6.1848,26.83,3.35,3.85,54.02,0.0
berbera,20161111,10.44,45.01,6.4522,26.17,3.96,4.53,61.16,0.0
berbera,20161112,10.44,45.01,6.4764,25.61,4.11,4.75,59.18,0.0
berbera,20161113,10.44,45.01,6.3307,25.68,4.45,5.14,65.14,0.0
berbera,20161114,10.44,45.01,5.9225,26.03,4.3,4.88,66.9,0.04
berbera,20161115,10.44,45.01,6.2234,25.91,4.37,4.99,68.32,0.02
berbera,20161116,10.44,45.01,5.7202,25.85,5.07,5.86,71.21,0.03
berbera,20161117,10.44,45.01,5.9057,26.37,5.13,5.73,74.97,0.02
berbera,20161118,10.44,45.01,5.6503,26.62,5.08,5.73,76.52,0.03
berbera,20161119,10.44,45.01,5.9844,26.52,4.23,4.8,77.2,0.03
berbera,20161120,10.44,45.01,5.6806,26.58,3.9,4.37,75.79,0.01
berbera,20161121,10.44,45.01,5.9378,26.39,3.74,4.13,73.8,0.0
berbera,20161122,10.44,45.01,6.2338,26.12,3.81,4.29,68.32,0.0
berbera,20161123,10.44,45.01,6.2578,25.69,3.68,4.12,67.81,0.0
berbera,20161124,10.44,45.01,6.1774,26.01,4.32,4.74,67.77,0.0
berbera,20161125,10.44,45.01,5.8812,27.2,4.17,4.59,68.94,0.03
berbera,20161126,10.44,45.01,4.1604,27.21,4.38,4.81,75.76,0.15
berbera,20161127,10.44,45.01,5.5608,26.94,5.13,5.66,76.02,0.33
berbera,20161128,10.44,45.01,5.8464,26.33,4.92,5.49,74.39,0.21
berbera,20161129,10.44,45.01,5.5656,26.43,4.76,5.32,76.15,0.39
berbera,20161130,10.44,45.01,5.2502,26.6,4.91,5.46,77.77,1.39
berbera,20161201,10.44,45.01,5.323,26.54,4.95,5.53,78.21,1.0
berbera,20161202,10.44,45.01,5.4698,25.72,4.5,5.03,76.66,0.07
berbera,20161203,10.44,45.01,6.1534,24.87,3.16,3.49,73.99,0.04
berbera,20161204,10.44,45.01,5.941,24.79,3.43,3.91,75.14,0.02
berbera,20161205,10.44,45.01,5.5469,24.63,2.91,3.29,71.51,0.04
berbera,20161206,10.44,45.01,5.7578,24.78,2.97,3.35,70.51,0.01
berbera,20161207,10.44,45.01,5.8812,24.82,3.41,3.86,71.62,0.0
berbera,20161208,10.44,45.01,5.9359,24.64,2.7,3.01,71.87,0.01
berbera,20161209,10.44,45.01,5.7432,25.51,2.69,2.96,75.34,0.01
berbera,20161210,10.44,45.01,5.8102,25.32,3.1,3.44,75.38,0.0
berbera,20161211,10.44,45.01,5.825,25.29,3.9,4.49,74.86,0.02
berbera,20161212,10.44,45.01,5.8337,25.11,4.29,4.97,70.64,0.0
berbera,20161213,10.44,45.01,6.0293,24.51,4.28,4.93,69.13,0.0
berbera,20161214,10.44,45.01,5.9438,24.86,4.2,4.77,70.37,0.0
berbera,20161215,10.44,45.01,5.7864,24.74,3.09,3.37,71.84,0.0
berbera,20161216,10.44,45.01,5.9604,24.63,3.26,3.66,72.46,0.0
berbera,20161217,10.44,45.01,5.9825,24.61,4.07,4.68,70.51,0.01
berbera,20161218,10.44,45.01,5.1118,24.53,3.71,4.27,72.19,0.15
berbera,20161219,10.44,45.01,2.5104,24.93,3.96,4.52,75.15,1.1
berbera,20161220,10.44,45.01,3.6521,25.86,6.18,7.16,80.52,0.75
berbera,20161221,10.44,45.01,4.697,26.03,5.24,6.02,79.12,0.55
berbera,20161222,10.44,45.01,5.8135,25.4,5.47,6.38,71.86,0.0
berbera,20161223,10.44,45.01,4.8223,25.52,4.67,5.26,77.76,0.0
berbera,20161224,10.44,45.01,5.671,25.47,5.11,5.87,73.25,0.0
berbera,20161225,10.44,45.01,6.1445,24.74,3.34,3.79,68.84,0.0
berbera,20161226,10.44,45.01,5.9165,24.62,3.77,4.31,71.93,0.0
berbera,20161227,10.44,45.01,5.7638,24.53,3.38,3.75,71.95,0.09
berbera,20161228,10.44,45.01,5.8114,24.37,3.08,3.42,70.46,0.03
berbera,20161229,10.44,45.01,5.9842,23.75,2.86,3.15,70.31,0.02
berbera,20161230,10.44,45.01,6.1531,23.41,2.71,3.0,71.06,0.01
berbera,20161231,10.44,45.01,6.2117,23.41,2.4,2.66,68.83,0.0
berbera,20170101,10.44,45.01,6.2242,23.75,2.94,3.34,68.05,0.0
berbera,20170102,10.44,45.01,6.2642,23.68,3.27,3.67,68.71,0.0
berbera,20170103,10.44,45.01,6.2755,23.35,2.52,2.77,67.56,0.0
berbera,20170104,10.44,45.01,6.3012,23.24,3.01,3.33,68.06,0.0
berbera,20170105,10.44,45.01,6.3559,23.33,3.19,3.56,69.56,0.0
berbera,20170106,10.44,45.01,6.1159,23.39,3.43,3.87,69.82,0.01
berbera,20170107,10.44,45.01,6.1795,23.72,3.11,3.51,69.55,0.01
berbera,20170108,10.44,45.01,6.3679,23.75,2.95,3.29,62.5,0.0
berbera,20170109,10.44,45.01,6.3619,23.63,3.63,4.12,67.34,0.0
berbera,20170110,10.44,45.01,6.1188,23.67,3.91,4.51,72.09,0.02
berbera,20170111,10.44,45.01,5.7931,23.89,4.41,5.08,70.57,0.0
berbera,20170112,10.44,45.01,6.1258,23.9,3.43,3.89,68.87,0.0
berbera,20170113,10.44,45.01,6.4606,23.57,2.79,3.12,60.52,0.0
berbera,20170114,10.44,45.01,6.4063,23.86,3.81,4.38,59.8,0.0
berbera,20170115,10.44,45.01,6.2808,23.95,4.3,4.91,69.92,0.0
berbera,20170116,10.44,45.01,6.0658,24.31,4.17,4.67,73.21,0.0
berbera,20170117,10.44,45.01,6.1183,24.39,4.01,4.49,73.77,0.0
berbera,20170118,10.44,45.01,6.2126,24.15,4.42,5.12,71.68,0.0
berbera,20170119,10.44,45.01,6.0449,24.19,4.01,4.57,69.85,0.0
berbera,20170120,10.44,45.01,6.1289,23.81,3.59,4.07,72.63,0.0
berbera,20170121,10.44,45.01,6.4145,24.08,4.25,4.9,69.59,0.0
berbera,20170122,10.44,45.01,6.2246,24.18,3.93,4.38,74.26,0.0
berbera,20170123,10.44,45.01,6.1416,24.81,3.66,4.09,74.67,0.0
berbera,20170124,10.44,45.01,6.361,24.49,3.5,3.85,74.67,0.0
berbera,20170125,10.44,45.01,6.3214,24.56,4.57,5.28,74.13,0.0
berbera,20170126,10.44,45.01,6.3065,25.18,5.23,6.04,72.88,0.01
berbera,20170127,10.44,45.01,5.9479,25.19,5.13,5.72,74.19,0.01
berbera,20170128,10.44,45.01,5.6246,25.11,4.23,4.58,76.48,0.01
berbera,20170129,10.44,45.01,5.8877,24.99,3.43,3.69,78.18,0.02
berbera,20170130,10.44,45.01,6.0581,24.99,3.76,4.23,75.21,0.01
berbera,20170131,10.44,45.01,5.8178,24.4,4.57,5.27,73.31,0.01
berbera,20170201,10.44,45.01,5.8932,23.72,2.72,2.98,70.23,0.02
berbera,20170202,10.44,45.01,6.5042,24.48,1.86,1.91,66.56,0.01
berbera,20170203,10.44,45.01,4.6807,25.06,4.0,4.39,76.55,0.06
berbera,20170204,10.44,45.01,4.1167,24.77,7.93,9.16,72.23,0.13
berbera,20170205,10.44,45.01,5.7034,24.51,5.94,6.78,70.3,0.0
berbera,20170206,10.44,45.01,4.8002,24.21,5.38,6.11,74.34,0.0
berbera,20170207,10.44,45.01,5.6244,24.08,5.22,5.87,75.34,0.0
berbera,20170208,10.44,45.01,6.5758,24.38,6.17,7.11,70.82,0.0
berbera,20170209,10.44,45.01,5.5265,24.4,5.28,5.88,73.9,0.0
berbera,20170210,10.44,45.01,6.0439,24.57,4.74,5.25,75.49,0.04
berbera,20170211,10.44,45.01,6.1493,25.49,4.83,5.36,73.06,0.04
berbera,20170212,10.44,45.01,5.9167,26.24,5.16,5.87,69.74,0.03
berbera,20170213,10.44,45.01,5.9722,26.02,5.08,5.69,71.08,0.03
berbera,20170214,10.44,45.01,5.4401,25.78,5.59,6.22,73.23,0.1
berbera,20170215,10.44,45.01,5.5694,25.43,4.78,5.18,76.75,0.35
berbera,20170216,10.44,45.01,6.0384,25.46,4.32,4.71,75.01,0.2
berbera,20170217,10.44,45.01,5.3669,25.71,3.85,4.05,75.2,0.2
berbera,20170218,10.44,45.01,5.7725,25.5,3.56,3.77,77.11,1.03
berbera,20170219,10.44,45.01,5.8639,25.01,4.75,5.38,75.65,0.65
berbera,20170220,10.44,45.01,6.1217,24.8,4.99,5.81,70.22,0.02
berbera,20170221,10.44,45.01,6.4241,24.55,4.47,5.03,70.83,0.02
berbera,20170222,10.44,45.01,6.3934,24.91,4.51,4.97,73.4,0.01
berbera,20170223,10.44,45.01,5.6942,25.29,4.4,4.79,74.61,0.02
berbera,20170224,10.44,45.01,5.7386,25.21,4.37,4.71,75.47,0.05
berbera,20170225,10.44,45.01,5.1802,25.12,5.19,5.71,75.83,0.0
berbera,20170226,10.44,45.01,6.347,25.15,4.55,5.0,76.52,0.0
berbera,20170227,10.44,45.01,6.1462,25.58,5.01,5.59,75.07,0.0
berbera,20170228,10.44,45.01,6.305,25.55,5.29,5.95,74.71,0.0
berbera,20170301,10.44,45.01,6.6624,25.24,4.62,5.17,72.96,0.0
berbera,20170302,10.44,45.01,6.4582,25.4,3.96,4.47,73.59,0.0
berbera,20170303,10.44,45.01,6.6818,25.37,3.63,3.96,72.92,0.0
berbera,20170304,10.44,45.01,6.9401,25.15,3.51,3.79,74.2,0.0
berbera,20170305,10.44,45.01,6.5844,25.68,3.45,3.75,71.67,0.0
berbera,20170306,10.44,45.01,6.8323,25.73,3.14,3.37,71.82,0.0
berbera,20170307,10.44,45.01,6.8299,26.05,3.42,3.73,71.51,0.01
berbera,20170308,10.44,45.01,6.8635,26.41,3.5,3.77,73.17,0.08
berbera,20170309,10.44,45.01,6.7584,26.63,3.36,3.64,70.65,0.01
berbera,20170310,10.44,45.01,7.0198,27.13,3.97,4.46,66.24,0.01
berbera,20170311,10.44,45.01,6.7392,27.22,4.86,5.61,65.45,0.11
berbera,20170312,10.44,45.01,6.6605,26.08,4.68,5.21,74.04,0.0
berbera,20170313,10.44,45.01,6.283,25.58,3.93,4.31,75.52,0.0
berbera,20170314,10.44,45.01,7.2319,25.08,3.09,3.26,68.4,0.0
berbera,20170315,10.44,45.01,7.313,26.08,4.07,4.44,67.6,0.0
berbera,20170316,10.44,45.01,6.8006,26.6,4.6,5.07,72.0,0.0
berbera,20170317,10.44,45.01,6.9389,26.89,4.02,4.44,70.83,0.0
berbera,20170318,10.44,45.01,6.9067,26.8,4.12,4.49,75.61,0.01
berbera,20170319,10.44,45.01,6.8496,27.44,4.33,4.79,73.5,0.0
berbera,20170320,10.44,45.01,6.9713,27.74,3.41,3.7,71.64,0.0
berbera,20170321,10.44,45.01,5.5793,27.4,4.31,4.52,75.91,0.01
berbera,20170322,10.44,45.01,6.1327,27.89,4.61,5.13,74.93,0.64
berbera,20170323,10.44,45.01,6.7027,28.13,3.96,4.49,74.66,1.28
berbera,20170324,10.44,45.01,7.001,27.92,3.97,4.38,76.83,0.67
berbera,20170325,10.44,45.01,7.1222,28.59,3.89,4.5,68.8,0.11
berbera,20170326,10.44,45.01,6.7253,28.3,3.66,4.12,71.2,1.16
berbera,20170327,10.44,45.01,5.1617,27.26,3.66,3.89,78.66,3.46
berbera,20170328,10.44,45.01,6.0576,27.75,5.31,6.01,76.35,2.01
berbera,20170329,10.44,45.01,6.7668,27.36,4.25,4.69,73.82,0.98
berbera,20170330,10.44,45.01,6.9986,27.2,3.41,3.69,72.34,0.04
berbera,20170331,10.44,45.01,7.1916,27.89,3.62,4.15,65.44,0.0
berbera,20170401,10.44,45.01,7.0819,28.2,3.79,4.42,62.97,0.01
berbera,20170402,10.44,45.01,7.3411,28.2,3.17,3.56,63.98,0.02
berbera,20170403,10.44,45.01,7.3025,27.87,2.81,2.98,70.67,0.05
berbera,20170404,10.44,45.01,7.019,28.16,3.01,3.25,70.57,0.06
berbera,20170405,10.44,45.01,6.6907,28.06,3.47,3.89,70.97,0.22
berbera,20170406,10.44,45.01,7.2014,28.0,4.16,4.61,68.31,0.04
berbera,20170407,10.44,45.01,7.3217,28.28,4.1,4.68,65.34,0.0
berbera,20170408,10.44,45.01,7.3344,27.72,3.9,4.38,68.78,0.01
berbera,20170409,10.44,45.01,7.4124,27.74,4.3,4.84,68.08,0.02
berbera,20170410,10.44,45.01,7.182,27.43,3.74,4.11,69.79,0.01
berbera,20170411,10.44,45.01,7.3022,27.64,4.07,4.56,66.09,0.0
berbera,20170412,10.44,45.01,7.2228,27.83,4.37,4.86,67.04,0.0
berbera,20170413,10.44,45.01,7.2178,29.13,4.35,5.12,61.56,0.0
berbera,20170414,10.44,45.01,6.9314,29.64,3.76,4.53,59.15,0.0
berbera,20170415,10.44,45.01,6.8957,29.9,3.09,3.57,57.54,0.0
berbera,20170416,10.44,45.01,7.0838,29.41,2.44,2.68,63.61,0.09
berbera,20170417,10.44,45.01,6.8196,28.65,2.96,3.07,71.41,0.24
berbera,20170418,10.44,45.01,6.9523,28.82,3.58,3.85,73.89,1.12
berbera,20170419,10.44,45.01,7.0721,28.53,3.42,3.64,75.28,1.63
berbera,20170420,10.44,45.01,7.067,28.73,3.35,3.54,72.24,0.76
berbera,20170421,10.44,45.01,7.1249,28.96,3.77,4.16,70.37,0.08
berbera,20170422,10.44,45.01,7.29,28.98,3.01,3.2,68.93,0.29
berbera,20170423,10.44,45.01,7.1846,30.14,3.01,3.51,62.59,0.05
berbera,20170424,10.44,45.01,7.2854,31.5,3.62,4.49,53.28,0.05
berbera,20170425,10.44,45.01,7.207,31.99,3.54,4.53,57.91,0.34
berbera,20170426,10.44,45.01,6.8374,31.18,3.16,3.87,64.81,0.04
berbera,20170427,10.44,45.01,6.4253,30.13,3.53,3.98,71.83,0.05
berbera,20170428,10.44,45.01,6.4594,29.0,2.89,3.0,70.79,0.0
berbera,20170429,10.44,45.01,7.1851,28.72,3.28,3.36,69.33,0.0
berbera,20170430,10.44,45.01,5.6609,28.32,3.07,3.25,71.44,0.11
berbera,20170501,10.44,45.01,5.3323,30.33,3.66,4.15,62.37,1.41
berbera,20170502,10.44,45.01,5.9083,30.7,2.51,2.93,64.1,1.85
berbera,20170503,10.44,45.01,5.9858,30.93,3.61,4.19,63.9,0.94
berbera,20170504,10.44,45.01,6.852,30.81,3.7,4.33,66.64,0.62
berbera,20170505,10.44,45.01,6.8794,30.79,3.78,4.31,66.17,0.47
berbera,20170506,10.44,45.01,6.9002,30.52,3.45,3.91,67.72,0.0
berbera,20170507,10.44,45.01,6.9386,30.49,3.71,4.25,67.14,0.0
berbera,20170508,10.44,45.01,6.4608,30.5,3.78,4.3,67.55,0.0
berbera,20170509,10.44,45.01,6.5558,30.81,3.88,4.41,65.06,0.0
berbera,20170510,10.44,45.01,6.7678,31.05,2.93,3.35,65.61,0.0
berbera,20170511,10.44,45.01,7.135,31.72,2.95,3.61,61.48,0.78
berbera,20170512,10.44,45.01,6.6017,31.74,2.73,3.29,63.56,1.89
berbera,20170513,10.44,45.01,4.6579,31.53,2.51,3.36,62.62,3.09
berbera,20170514,10.44,45.01,5.7197,29.96,2.94,3.22,68.94,3.87
berbera,20170515,10.44,45.01,6.3473,29.67,2.15,2.36,73.23,19.65
berbera,20170516,10.44,45.01,6.8446,30.09,2.93,3.33,70.36,1.2
berbera,20170517,10.44,45.01,5.8658,30.94,3.03,3.43,64.34,0.84
berbera,20170518,10.44,45.01,6.2431,31.7,3.21,3.93,62.37,0.15
berbera,20170519,10.44,45.01,6.3478,31.99,4.58,5.67,63.16,0.19
berbera,20170520,10.44,45.01,6.846,32.43,3.8,4.98,59.77,0.07
berbera,20170521,10.44,45.01,6.817,32.75,3.78,4.84,54.64,0.06
berbera,20170522,10.44,45.01,6.769,32.62,3.97,4.98,57.68,0.08
berbera,20170523,10.44,45.01,6.7481,32.2,3.93,4.69,60.09,0.52
berbera,20170524,10.44,45.01,6.073,30.93,4.29,5.03,67.07,2.12
berbera,20170525,10.44,45.01,6.8011,31.88,2.9,3.36,52.36,0.15
berbera,20170526,10.44,45.01,6.8414,32.06,3.04,3.55,54.58,0.0
berbera,20170527,10.44,45.01,7.0236,32.23,2.59,2.96,54.66,0.0
berbera,20170528,10.44,45.01,6.437,32.57,4.09,4.81,55.57,0.02
berbera,20170529,10.44,45.01,5.3218,32.54,5.03,6.05,58.45,0.09
berbera,20170530,10.44,45.01,5.8764,32.22,4.66,5.55,58.89,0.56
berbera,20170531,10.44,45.01,6.7771,32.44,4.46,5.33,54.84,0.0
berbera,20170601,10.44,45.01,7.1198,33.22,4.32,5.6,50.92,0.0
berbera,20170602,10.44,45.01,6.1217,33.3,5.23,6.82,49.02,0.0
berbera,20170603,10.44,45.01,6.1222,32.95,5.07,6.45,51.27,0.0
berbera,20170604,10.44,45.01,6.0127,32.69,6.08,7.57,50.31,0.0
berbera,20170605,10.44,45.01,6.3166,33.04,5.67,7.1,48.37,0.0
berbera,20170606,10.44,45.01,6.1258,32.98,5.64,7.17,51.56,0.0
berbera,20170607,10.44,45.01,6.6137,33.0,6.33,7.78,48.56,0.0
berbera,20170608,10.44,45.01,6.8059,33.27,6.12,7.41,50.7,0.0
berbera,20170609,10.44,45.01,6.6442,33.52,6.57,8.2,48.54,0.0
berbera,20170610,10.44,45.01,6.96,34.17,7.43,9.3,44.28,0.0
berbera,20170611,10.44,45.01,6.1517,34.01,8.23,10.31,46.14,0.0
berbera,20170612,10.44,45.01,6.635,33.38,6.7,8.25,50.1,0.0
berbera,20170613,10.44,45.01,6.893,32.96,5.9,7.1,52.4,0.0
berbera,20170614,10.44,45.01,6.9362,33.81,6.12,7.73,50.92,0.0
berbera,20170615,10.44,45.01,7.146,33.45,5.9,7.41,51.95,0.0
berbera,20170616,10.44,45.01,6.7654,33.91,6.36,8.18,49.15,0.0
berbera,20170617,10.44,45.01,6.4488,33.88,7.59,9.74,50.33,0.0
berbera,20170618,10.44,45.01,6.7786,33.35,7.93,9.83,48.27,0.0
berbera,20170619,10.44,45.01,6.8602,33.21,8.1,10.19,47.53,0.0
berbera,20170620,10.44,45.01,6.8784,33.42,6.82,8.62,45.53,0.0
berbera,20170621,10.44,45.01,6.4694,33.69,6.3,8.08,45.39,0.0
berbera,20170622,10.44,45.01,6.4639,33.92,7.24,9.19,46.35,0.0
berbera,20170623,10.44,45.01,6.3907,34.0,7.93,10.04,44.97,0.0
berbera,20170624,10.44,45.01,6.6305,33.33,7.61,9.75,48.03,0.0
berbera,20170625,10.44,45.01,6.5746,33.57,5.66,7.39,45.21,0.0
berbera,20170626,10.44,45.01,5.9741,33.46,6.89,9.1,46.57,0.0
berbera,20170627,10.44,45.01,5.681,32.92,7.9,10.26,49.15,0.0
berbera,20170628,10.44,45.01,6.6214,33.17,7.59,9.62,48.44,0.0
berbera,20170629,10.44,45.01,6.7591,33.24,8.46,10.62,46.73,0.0
berbera,20170630,10.44,45.01,6.2957,33.86,10.74,13.55,44.96,0.0
berbera,20170701,10.44,45.01,5.5406,33.44,9.74,12.26,45.56,0.01
berbera,20170702,10.44,45.01,5.5591,33.01,8.37,10.58,46.38,0.01
berbera,20170703,10.44,45.01,5.0911,32.83,8.42,10.57,47.38,0.2
berbera,20170704,10.44,45.01,5.4547,32.86,9.18,11.51,47.51,0.05
berbera,20170705,10.44,45.01,6.6029,33.19,9.18,11.45,44.75,0.0
berbera,20170706,10.44,45.01,5.9791,32.85,8.54,10.79,45.64,0.0
berbera,20170707,10.44,45.01,5.5726,33.37,9.98,12.42,43.37,0.0
berbera,20170708,10.44,45.01,5.9726,33.11,8.98,11.43,45.29,0.0
berbera,20170709,10.44,45.01,5.3599,32.09,7.18,9.59,53.6,0.0
berbera,20170710,10.44,45.01,5.3218,32.43,6.51,8.85,51.24,0.0
berbera,20170711,10.44,45.01,5.1686,32.59,8.03,10.57,47.31,0.0
berbera,20170712,10.44,45.01,6.3427,33.02,8.67,11.03,43.89,0.0
berbera,20170713,10.44,45.01,6.3528,32.47,9.2,11.73,46.24,0.0
berbera,20170714,10.44,45.01,6.5014,32.16,7.78,10.01,49.17,0.0
berbera,20170715,10.44,45.01,5.9306,32.74,7.9,10.14,45.3,0.02
berbera,20170716,10.44,45.01,6.2594,32.26,7.5,9.99,47.79,0.0
berbera,20170717,10.44,45.01,6.4411,33.74,9.46,12.1,43.48,0.0
berbera,20170718,10.44,45.01,6.0401,33.3,8.61,11.21,46.6,0.01
berbera,20170719,10.44,45.01,5.6141,32.63,9.03,11.62,49.67,0.19
berbera,20170720,10.44,45.01,5.3102,32.93,10.76,13.43,46.43,0.03
berbera,20170721,10.44,45.01,5.5898,32.93,7.9,10.26,48.6,0.04
berbera,20170722,10.44,45.01,5.8514,33.01,7.21,9.31,47.51,0.01
berbera,20170723,10.44,45.01,6.4603,32.84,8.95,11.46,46.46,0.0
berbera,20170724,10.44,45.01,6.503,33.35,10.44,13.14,44.75,0.01
berbera,20170725,10.44,45.01,5.9911,32.65,7.75,9.96,48.53,0.08
berbera,20170726,10.44,45.01,5.7446,32.17,8.36,10.76,48.18,0.02
berbera,20170727,10.44,45.01,6.5071,32.47,9.05,11.55,45.52,0.0
berbera,20170728,10.44,45.01,6.6972,33.4,7.89,10.14,43.09,0.01
berbera,20170729,10.44,45.01,6.0386,32.94,7.25,9.47,46.64,0.04
berbera,20170730,10.44,45.01,6.4106,33.44,8.97,11.28,42.82,0.02
berbera,20170731,10.44,45.01,6.4505,32.74,8.65,10.95,47.13,0.04
berbera,20170801,10.44,45.01,6.672,32.21,5.91,7.65,50.52,0.41
berbera,20170802,10.44,45.01,6.1829,32.76,5.98,8.13,48.62,0.38
berbera,20170803,10.44,45.01,6.4219,33.12,8.87,11.3,46.05,0.03
berbera,20170804,10.44,45.01,6.9799,33.46,8.87,11.25,43.33,0.0
berbera,20170805,10.44,45.01,6.4121,33.37,8.68,11.1,45.45,0.0
berbera,20170806,10.44,45.01,6.5155,33.21,8.46,10.83,46.11,0.0
berbera,20170807,10.44,45.01,5.5253,33.06,7.97,10.33,45.98,0.0
berbera,20170808,10.44,45.01,6.641,32.53,8.42,10.93,47.07,0.0
berbera,20170809,10.44,45.01,6.4114,32.74,7.75,10.06,46.21,0.0
berbera,20170810,10.44,45.01,6.1944,32.47,8.11,10.38,47.98,0.0
berbera,20170811,10.44,45.01,6.0626,32.53,9.05,11.4,45.8,0.0
berbera,20170812,10.44,45.01,6.6106,32.42,10.09,12.77,47.26,0.0
berbera,20170813,10.44,45.01,5.8798,32.65,7.07,9.2,47.02,0.0
berbera,20170814,10.44,45.01,6.161,32.85,6.1,8.21,47.08,0.01
berbera,20170815,10.44,45.01,6.696,33.2,7.72,9.97,48.12,0.0
berbera,20170816,10.44,45.01,6.7301,33.36,7.35,9.39,44.85,0.0
berbera,20170817,10.44,45.01,7.163,32.77,4.93,6.41,46.7,0.0
berbera,20170818,10.44,45.01,6.798,33.01,4.31,6.07,51.19,0.0
berbera,20170819,10.44,45.01,6.8846,33.72,5.61,7.59,47.01,0.03
berbera,20170820,10.44,45.01,6.6305,33.58,6.55,8.84,47.78,0.07
berbera,20170821,10.44,45.01,6.3269,33.9,7.04,9.2,45.15,0.01
berbera,20170822,10.44,45.01,6.3626,33.48,7.24,9.71,49.68,0.06
berbera,20170823,10.44,45.01,6.5213,33.31,8.55,10.7,45.92,0.14
berbera,20170824,10.44,45.01,6.4214,33.75,7.72,9.86,45.69,0.25
berbera,20170825,10.44,45.01,6.469,33.71,6.51,8.38,47.93,0.06
berbera,20170826,10.44,45.01,6.5239,33.78,5.75,7.51,48.26,0.19
berbera,20170827,10.44,45.01,6.0754,33.71,6.85,8.89,45.69,0.22
berbera,20170828,10.44,45.01,6.5566,33.46,7.4,9.3,48.68,0.07
berbera,20170829,10.44,45.01,5.7449,32.81,6.72,8.69,51.4,0.06
berbera,20170830,10.44,45.01,6.4058,33.28,6.11,8.0,49.42,0.23
berbera,20170831,10.44,45.01,6.245,33.0,6.85,9.12,49.87,0.08
berbera,20170901,10.44,45.01,6.2695,32.33,7.51,9.79,49.22,0.08
berbera,20170902,10.44,45.01,6.1375,32.43,6.18,7.97,49.01,0.01
berbera,20170903,10.44,45.01,6.1534,32.56,5.08,6.67,51.87,0.01
berbera,20170904,10.44,45.01,6.3134,32.94,5.49,7.18,49.49,0.0
berbera,20170905,10.44,45.01,6.5129,33.1,5.72,7.56,48.69,0.0
berbera,20170906,10.44,45.01,6.4423,33.21,4.63,6.35,48.37,0.0
berbera,20170907,10.44,45.01,6.2345,33.39,4.36,5.83,46.35,0.0
berbera,20170908,10.44,45.01,6.7754,33.63,5.0,6.81,47.64,0.0
berbera,20170909,10.44,45.01,6.5309,32.98,5.0,6.49,51.07,0.0
berbera,20170910,10.44,45.01,6.8124,32.09,5.01,6.16,56.84,0.0
berbera,20170911,10.44,45.01,6.8693,31.91,4.28,5.22,56.62,0.0
berbera,20170912,10.44,45.01,6.829,31.72,3.54,4.16,56.5,0.0
berbera,20170913,10.44,45.01,6.9833,31.41,2.87,3.16,59.85,0.33
berbera,20170914,10.44,45.01,6.6826,31.55,2.76,3.01,59.13,0.61
berbera,20170915,10.44,45.01,6.924,31.99,3.49,4.04,57.41,0.88
berbera,20170916,10.44,45.01,6.7906,32.03,2.93,3.32,57.54,0.5
berbera,20170917,10.44,45.01,6.6084,31.59,3.22,3.58,63.41,0.84
berbera,20170918,10.44,45.01,6.5189,31.94,3.28,3.64,62.92,1.69
berbera,20170919,10.44,45.01,6.3965,31.37,2.48,2.68,65.57,2.45
berbera,20170920,10.44,45.01,6.4147,31.92,3.25,3.67,56.59,0.6
berbera,20170921,10.44,45.01,6.433,32.74,4.9,5.9,51.99,0.08
berbera,20170922,10.44,45.01,6.5506,32.67,6.09,7.39,52.41,0.19
berbera,20170923,10.44,45.01,6.7387,32.67,3.85,4.79,54.4,0.0
berbera,20170924,10.44,45.01,6.5458,32.39,3.72,4.32,58.4,0.02
berbera,20170925,10.44,45.01,6.4214,31.67,3.23,3.51,59.86,0.03
berbera,20170926,10.44,45.01,6.3535,31.51,3.1,3.32,62.23,0.04
berbera,20170927,10.44,45.01,4.9073,31.22,2.88,2.95,67.39,0.09
berbera,20170928,10.44,45.01,6.3274,31.15,3.03,3.12,67.09,0.24
berbera,20170929,10.44,45.01,6.4202,31.53,3.92,4.31,64.31,0.13
berbera,20170930,10.44,45.01,6.0437,31.14,3.7,3.99,63.09,0.12
berbera,20171001,10.44,45.01,6.1565,30.53,3.25,3.46,65.44,0.04
berbera,20171002,10.44,45.01,7.0373,30.21,2.77,3.07,52.18,0.01
berbera,20171003,10.44,45.01,7.1892,30.85,2.93,3.25,44.82,0.0
berbera,20171004,10.44,45.01,7.0308,30.35,3.63,4.07,58.42,0.0
berbera,20171005,10.44,45.01,6.929,30.66,3.08,3.5,53.91,0.0
berbera,20171006,10.44,45.01,6.6192,31.11,3.1,3.59,49.75,0.0
berbera,20171007,10.44,45.01,6.6629,30.56,3.46,3.85,57.36,0.0
berbera,20171008,10.44,45.01,6.3554,29.96,3.52,3.87,63.0,0.01
berbera,20171009,10.44,45.01,6.4094,29.96,3.38,3.7,64.32,0.02
berbera,20171010,10.44,45.01,6.5477,29.98,3.22,3.51,65.67,0.02
berbera,20171011,10.44,45.01,5.7936,29.76,3.03,3.41,64.99,0.03
berbera,20171012,10.44,45.01,6.7514,30.01,2.61,2.82,58.42,0.0
berbera,20171013,10.44,45.01,6.8758,30.16,2.91,3.26,54.12,0.0
berbera,20171014,10.44,45.01,6.87,30.12,2.45,2.66,52.27,0.0
berbera,20171015,10.44,45.01,6.7546,30.12,2.2,2.41,53.66,0.0
berbera,20171016,10.44,45.01,6.5928,29.78,2.73,2.91,60.13,0.0
berbera,20171017,10.44,45.01,6.6413,29.39,2.64,2.84,64.03,0.0
berbera,20171018,10.44,45.01,6.7123,29.56,3.11,3.33,64.42,0.0
berbera,20171019,10.44,45.01,6.6425,29.59,3.47,3.78,65.24,0.0
berbera,20171020,10.44,45.01,6.4656,29.28,3.33,3.65,65.27,0.0
berbera,20171021,10.44,45.01,6.4982,29.36,3.08,3.28,65.58,0.0
berbera,20171022,10.44,45.01,6.6514,29.72,2.86,3.08,62.84,0.0
berbera,20171023,10.44,45.01,6.5359,30.23,3.88,4.4,59.01,0.0
berbera,20171024,10.44,45.01,6.397,29.55,5.07,5.78,59.05,0.0
berbera,20171025,10.44,45.01,6.6125,28.31,5.05,5.74,65.24,0.01
berbera,20171026,10.44,45.01,5.6009,28.33,4.38,4.8,72.04,0.8
berbera,20171027,10.44,45.01,6.1505,28.54,5.21,5.83,69.82,1.0
berbera,20171028,10.44,45.01,6.029,28.39,4.5,4.94,71.7,0.27
berbera,20171029,10.44,45.01,6.3506,28.35,4.95,5.56,67.76,0.06
berbera,20171030,10.44,45.01,6.1253,28.17,4.59,4.99,69.94,0.06
berbera,20171031,10.44,45.01,6.215,28.06,3.94,4.31,73.05,0.09
berbera,20171101,10.44,45.01,6.0401,28.04,3.82,4.22,70.17,0.02
berbera,20171102,10.44,45.01,6.336,27.73,3.42,3.71,64.9,0.0
berbera,20171103,10.44,45.01,6.461,27.69,4.15,4.6,63.64,0.0
berbera,20171104,10.44,45.01,6.3274,27.48,4.06,4.56,68.13,0.03
berbera,20171105,10.44,45.01,5.749,27.36,4.77,5.45,71.22,0.39
berbera,20171106,10.44,45.01,6.2904,26.93,4.96,5.74,66.25,0.08
berbera,20171107,10.44,45.01,5.8862,26.86,4.02,4.61,66.98,0.62
berbera,20171108,10.44,45.01,5.8692,26.88,3.54,3.93,68.68,0.01
berbera,20171109,10.44,45.01,4.95,27.21,3.46,3.85,74.89,0.13
berbera,20171110,10.44,45.01,5.1192,27.55,3.63,4.05,75.51,0.61
berbera,20171111,10.44,45.01,5.4792,27.59,4.54,5.19,74.98,0.51
berbera,20171112,10.44,45.01,6.3658,26.97,4.57,5.23,66.33,0.0
berbera,20171113,10.44,45.01,6.4226,26.28,3.03,3.39,63.2,0.0
berbera,20171114,10.44,45.01,6.2239,26.63,2.92,3.33,65.4,0.0
berbera,20171115,10.44,45.01,6.1464,26.68,3.26,3.69,62.41,0.0
berbera,20171116,10.44,45.01,6.3797,25.82,4.26,4.89,60.29,0.0
berbera,20171117,10.44,45.01,6.3377,25.63,4.3,5.0,64.48,0.0
berbera,20171118,10.44,45.01,6.0955,25.7,4.77,5.56,67.47,0.0
berbera,20171119,10.44,45.01,5.9726,26.11,5.59,6.52,68.39,0.0
berbera,20171120,10.44,45.01,5.981,25.77,5.23,5.84,72.85,0.0
berbera,20171121,10.44,45.01,5.9918,25.72,4.56,5.19,71.59,0.0
berbera,20171122,10.44,45.01,5.9429,25.93,4.09,4.49,73.15,0.28
berbera,20171123,10.44,45.01,6.0353,26.04,3.55,3.82,74.07,0.38
berbera,20171124,10.44,45.01,6.0077,26.08,3.84,4.12,73.86,0.34
berbera,20171125,10.44,45.01,5.5728,25.59,4.31,4.92,74.46,0.26
berbera,20171126,10.44,45.01,4.6783,26.08,4.49,5.08,76.27,3.32
berbera,20171127,10.44,45.01,5.0537,26.32,5.07,5.77,74.16,0.0
berbera,20171128,10.44,45.01,5.8598,25.97,3.33,3.75,72.06,0.0
berbera,20171129,10.44,45.01,5.8812,25.41,3.96,4.51,71.95,0.0
berbera,20171130,10.44,45.01,6.2395,25.23,3.36,3.8,69.0,0.0
berbera,20171201,10.44,45.01,6.0,25.1,2.99,3.37,68.33,0.0
berbera,20171202,10.44,45.01,5.8769,25.08,4.16,4.77,71.06,0.0
berbera,20171203,10.44,45.01,5.892,24.89,3.56,4.05,66.58,0.0
berbera,20171204,10.44,45.01,5.694,24.99,3.18,3.61,68.24,0.0
berbera,20171205,10.44,45.01,5.9148,24.71,4.58,5.28,66.15,0.0
berbera,20171206,10.44,45.01,6.1894,24.34,5.03,5.9,64.12,0.0
berbera,20171207,10.44,45.01,6.0444,24.26,4.58,5.3,67.0,0.02
berbera,20171208,10.44,45.01,5.9232,24.0,4.45,5.11,64.43,0.02
berbera,20171209,10.44,45.01,4.1798,23.97,4.94,5.72,70.52,0.15
berbera,20171210,10.44,45.01,5.809,23.98,4.86,5.67,64.58,0.01
berbera,20171211,10.44,45.01,5.9827,23.51,5.14,6.0,62.47,0.02
berbera,20171212,10.44,45.01,6.0278,23.14,4.44,5.11,62.56,0.0
berbera,20171213,10.44,45.01,6.0547,23.11,3.59,4.07,61.13,0.0
berbera,20171214,10.44,45.01,6.3058,23.24,3.9,4.38,63.2,0.0
berbera,20171215,10.44,45.01,5.9724,23.87,3.87,4.21,68.16,0.01
berbera,20171216,10.44,45.01,5.7343,23.77,3.45,3.74,74.16,0.11
berbera,20171217,10.44,45.01,5.1038,24.14,4.03,4.54,73.84,0.04
berbera,20171218,10.44,45.01,5.6986,24.26,5.03,5.84,74.38,0.03
berbera,20171219,10.44,45.01,5.7314,23.9,6.51,7.72,69.81,0.04
berbera,20171220,10.44,45.01,5.7744,23.44,5.93,6.91,65.93,0.01
berbera,20171221,10.44,45.01,5.7842,23.63,5.57,6.5,68.19,0.03
berbera,20171222,10.44,45.01,5.4653,23.85,5.4,6.34,70.98,0.02
berbera,20171223,10.44,45.01,5.909,23.74,4.43,5.09,69.0,0.01
berbera,20171224,10.44,45.01,5.807,23.48,3.75,4.24,68.81,0.0
berbera,20171225,10.44,45.01,6.1913,23.53,3.82,4.34,67.69,0.0
berbera,20171226,10.44,45.01,5.9683,23.48,3.41,3.83,69.64,0.01
berbera,20171227,10.44,45.01,5.995,23.23,3.65,4.14,70.8,0.05
berbera,20171228,10.44,45.01,5.7293,23.38,4.11,4.71,75.22,0.01
berbera,20171229,10.44,45.01,5.8346,23.63,4.72,5.5,72.17,0.02
berbera,20171230,10.44,45.01,5.9599,23.54,5.02,5.88,68.57,0.02
berbera,20171231,10.44,45.01,5.7305,23.27,4.11,4.73,71.22,0.01
berbera,20180101,10.44,45.01,5.8596,22.95,3.54,4.0,68.39,0.02
berbera,20180102,10.44,45.01,6.119,22.49,2.72,2.97,67.81,0.01
berbera,20180103,10.44,45.01,6.1003,22.64,3.14,3.51,70.92,0.01
berbera,20180104,10.44,45.01,5.5841,22.99,4.13,4.74,74.38,0.06
berbera,20180105,10.44,45.01,5.9158,22.97,3.86,4.42,69.99,0.08
berbera,20180106,10.44,45.01,5.9755,22.75,3.14,3.49,70.58,0.01
berbera,20180107,10.44,45.01,5.856,22.78,2.81,3.09,71.97,0.0
berbera,20180108,10.44,45.01,5.4293,23.27,3.47,3.92,72.03,0.0
berbera,20180109,10.44,45.01,5.6095,23.58,5.87,6.88,71.13,0.01
berbera,20180110,10.44,45.01,5.6822,23.41,5.75,6.71,70.45,0.01
berbera,20180111,10.44,45.01,5.5951,22.5,5.72,6.65,64.51,0.01
berbera,20180112,10.44,45.01,5.7089,21.95,4.9,5.68,62.55,0.0
berbera,20180113,10.44,45.01,6.1378,22.21,4.16,4.76,63.35,0.01
berbera,20180114,10.44,45.01,5.947,22.3,4.1,4.62,65.69,0.01
berbera,20180115,10.44,45.01,5.5162,22.63,3.28,3.6,70.32,0.02
berbera,20180116,10.44,45.01,6.0847,22.63,2.89,3.14,68.79,0.0
berbera,20180117,10.44,45.01,5.923,22.91,3.99,4.55,66.67,0.0
berbera,20180118,10.44,45.01,5.7648,23.26,4.02,4.53,72.57,0.01
berbera,20180119,10.44,45.01,4.9394,24.02,4.36,4.87,75.98,0.03
berbera,20180120,10.44,45.01,4.5226,24.24,3.96,4.45,79.46,0.06
berbera,20180121,10.44,45.01,5.9491,23.93,3.55,4.0,75.79,0.0
berbera,20180122,10.44,45.01,5.7312,23.64,4.3,4.88,75.71,0.0
berbera,20180123,10.44,45.01,5.9357,23.41,4.28,4.86,71.0,0.0
berbera,20180124,10.44,45.01,6.4068,22.52,4.26,4.85,69.93,0.0
berbera,20180125,10.44,45.01,6.0746,22.39,3.57,3.97,69.55,0.0
berbera,20180126,10.44,45.01,6.2971,22.35,3.25,3.66,69.62,0.0
berbera,20180127,10.44,45.01,6.5074,22.52,3.03,3.33,68.24,0.0
berbera,20180128,10.44,45.01,6.553,23.04,2.31,2.46,68.36,0.0
berbera,20180129,10.44,45.01,6.6226,23.11,3.57,3.98,65.11,0.0
berbera,20180130,10.44,45.01,6.151,22.69,4.01,4.61,68.72,0.0
berbera,20180131,10.44,45.01,6.0,23.65,5.67,6.57,72.21,0.74
berbera,20180201,10.44,45.01,5.9167,23.8,5.95,6.88,72.53,0.77
berbera,20180202,10.44,45.01,5.7799,23.79,5.71,6.64,74.67,1.47
berbera,20180203,10.44,45.01,5.6042,23.69,5.97,6.86,74.61,1.1
berbera,20180204,10.44,45.01,4.7062,23.3,4.98,5.75,68.4,0.68
berbera,20180205,10.44,45.01,6.539,23.07,4.75,5.48,68.42,0.0
berbera,20180206,10.44,45.01,6.8647,22.56,4.77,5.46,63.96,0.0
berbera,20180207,10.44,45.01,6.7111,22.32,4.42,5.02,63.2,0.0
berbera,20180208,10.44,45.01,6.6816,22.12,3.39,3.75,65.52,0.0
berbera,20180209,10.44,45.01,6.0989,23.49,4.27,4.7,67.06,0.0
berbera,20180210,10.44,45.01,6.1634,24.09,3.93,4.3,67.93,0.02
berbera,20180211,10.44,45.01,5.6513,24.45,3.93,4.31,70.09,0.01
berbera,20180212,10.44,45.01,6.4968,25.05,4.45,4.94,67.81,0.0
berbera,20180213,10.44,45.01,6.5407,25.11,4.1,4.58,64.86,0.0
berbera,20180214,10.44,45.01,6.3694,24.46,5.12,5.64,71.91,0.1
berbera,20180215,10.44,45.01,6.1075,24.51,5.21,5.74,74.91,0.0
berbera,20180216,10.44,45.01,6.1793,24.8,6.12,6.89,74.83,0.0
berbera,20180217,10.44,45.01,6.2587,24.95,5.05,5.58,73.36,0.0
berbera,20180218,10.44,45.01,6.204,24.91,3.06,3.17,76.27,0.0
berbera,20180219,10.44,45.01,5.7686,24.7,2.57,2.7,77.04,0.0
berbera,20180220,10.44,45.01,6.1087,25.15,3.49,3.78,76.75,0.16
berbera,20180221,10.44,45.01,5.4677,25.41,4.36,4.79,77.45,0.33
berbera,20180222,10.44,45.01,6.2724,25.15,3.69,3.96,76.06,0.1
berbera,20180223,10.44,45.01,6.3754,25.11,3.43,3.65,74.56,0.13
berbera,20180224,10.44,45.01,6.3031,26.25,4.06,4.56,72.54,0.07
berbera,20180225,10.44,45.01,6.2256,26.39,4.27,4.71,72.89,0.0
berbera,20180226,10.44,45.01,5.2922,25.41,4.31,4.78,79.96,0.0
berbera,20180227,10.44,45.01,5.8382,25.13,3.94,4.43,79.15,0.0
berbera,20180228,10.44,45.01,5.7785,25.02,3.54,3.98,79.02,0.0
berbera,20180301,10.44,45.01,5.9062,25.26,3.46,3.72,77.97,0.0
berbera,20180302,10.44,45.01,5.0695,25.23,3.47,3.68,79.08,0.56
berbera,20180303,10.44,45.01,4.8238,25.22,3.56,3.97,77.78,0.33
berbera,20180304,10.44,45.01,6.1548,25.27,4.0,4.58,73.54,0.04
berbera,20180305,10.44,45.01,5.7482,25.05,3.84,4.36,70.81,0.01
berbera,20180306,10.44,45.01,6.6818,25.01,3.59,4.08,72.26,0.06
berbera,20180307,10.44,45.01,6.715,25.11,3.44,3.89,70.63,0.0
berbera,20180308,10.44,45.01,7.272,25.24,3.05,3.49,58.18,0.0
berbera,20180309,10.44,45.01,7.3471,25.67,3.34,3.87,52.12,0.0
berbera,20180310,10.44,45.01,7.458,25.3,4.09,4.67,57.65,0.0
berbera,20180311,10.44,45.01,7.2816,24.7,3.68,4.03,65.09,0.0
berbera,20180312,10.44,45.01,7.0222,25.35,3.61,3.81,69.75,0.0
berbera,20180313,10.44,45.01,6.5717,25.58,3.57,3.71,75.05,0.01
berbera,20180314,10.44,45.01,6.4613,25.94,4.12,4.55,76.55,0.02
berbera,20180315,10.44,45.01,6.4901,26.0,4.26,4.78,75.92,0.02
berbera,20180316,10.44,45.01,6.9454,26.2,3.39,3.78,69.13,0.0
berbera,20180317,10.44,45.01,6.8714,26.18,3.1,3.39,70.42,0.0
berbera,20180318,10.44,45.01,6.8006,25.84,3.53,3.82,72.5,0.0
berbera,20180319,10.44,45.01,6.9468,25.96,4.15,4.59,72.78,0.0
berbera,20180320,10.44,45.01,6.8062,25.59,4.36,4.95,66.49,0.0
berbera,20180321,10.44,45.01,7.0642,25.53,3.41,3.71,69.3,0.0
berbera,20180322,10.44,45.01,7.0884,26.61,2.95,3.36,65.2,0.0
berbera,20180323,10.44,45.01,7.099,27.5,3.38,4.13,55.81,0.0
berbera,20180324,10.44,45.01,7.1158,26.89,3.41,4.01,58.67,0.0
berbera,20180325,10.44,45.01,7.4374,25.76,4.72,5.46,63.15,0.0
berbera,20180326,10.44,45.01,7.3987,25.38,4.2,4.65,72.17,0.0
berbera,20180327,10.44,45.01,6.5522,26.29,4.19,4.67,74.37,0.0
berbera,20180328,10.44,45.01,7.2209,27.13,3.9,4.47,69.98,0.0
berbera,20180329,10.44,45.01,7.4158,27.33,3.56,4.05,64.68,0.0
berbera,20180330,10.44,45.01,7.0678,27.85,3.69,4.3,65.7,0.0
berbera,20180331,10.44,45.01,7.0942,28.34,2.72,3.12,65.35,0.0
berbera,20180401,10.44,45.01,6.0775,28.81,2.86,3.28,66.69,0.94
berbera,20180402,10.44,45.01,4.1261,28.65,2.26,2.72,69.23,4.16
berbera,20180403,10.44,45.01,6.629,27.54,3.88,4.27,75.65,1.01
berbera,20180404,10.44,45.01,6.0569,28.04,4.08,4.48,76.45,3.31
berbera,20180405,10.44,45.01,5.1278,29.02,3.14,3.91,69.8,4.6
berbera,20180406,10.44,45.01,6.7999,29.45,2.71,3.53,66.56,0.29
berbera,20180407,10.44,45.01,6.2352,29.16,3.48,4.23,69.14,0.6
berbera,20180408,10.44,45.01,6.1709,28.25,2.85,3.21,74.71,1.62
berbera,20180409,10.44,45.01,6.7294,28.04,3.37,3.81,73.89,0.38
berbera,20180410,10.44,45.01,6.8964,28.28,3.4,3.79,69.71,0.17
berbera,20180411,10.44,45.01,6.2702,28.37,2.74,3.13,70.89,1.4
berbera,20180412,10.44,45.01,6.2479,28.5,3.18,3.59,71.91,1.57
berbera,20180413,10.44,45.01,4.5235,28.15,2.86,3.14,74.38,5.74
berbera,20180414,10.44,45.01,5.2414,28.35,2.29,2.66,72.36,1.69
berbera,20180415,10.44,45.01,5.9954,28.57,2.2,2.58,73.41,7.21
berbera,20180416,10.44,45.01,5.6426,28.94,2.69,3.67,70.09,3.12
berbera,20180417,10.44,45.01,5.5874,28.57,2.62,3.09,72.03,1.35
berbera,20180418,10.44,45.01,5.6126,28.18,2.38,2.69,78.02,4.08
berbera,20180419,10.44,45.01,4.4746,28.18,2.58,2.92,75.85,1.44
berbera,20180420,10.44,45.01,6.2616,29.05,3.64,4.25,69.14,0.77
berbera,20180421,10.44,45.01,6.726,29.45,4.33,5.12,67.32,0.9
berbera,20180422,10.44,45.01,6.281,29.51,3.4,3.99,68.32,1.23
berbera,20180423,10.44,45.01,7.0606,30.13,3.74,4.6,64.61,0.31
berbera,20180424,10.44,45.01,6.7306,30.27,4.73,5.79,63.57,0.21
berbera,20180425,10.44,45.01,6.5645,29.98,3.95,4.71,68.59,0.74
berbera,20180426,10.44,45.01,7.1302,30.5,3.37,4.14,65.43,0.08
berbera,20180427,10.44,45.01,6.2194,30.7,3.33,4.21,65.14,0.21
berbera,20180428,10.44,45.01,6.0648,29.15,2.46,2.78,73.64,0.18
berbera,20180429,10.44,45.01,5.5358,29.37,1.83,2.0,70.14,0.29
berbera,20180430,10.44,45.01,6.8846,29.56,2.4,2.79,67.46,0.14
berbera,20180501,10.44,45.01,6.7524,30.05,2.97,3.31,63.75,0.01
berbera,20180502,10.44,45.01,6.3653,30.17,2.97,3.4,67.88,0.0
berbera,20180503,10.44,45.01,6.3852,30.09,4.04,4.47,67.89,0.02
berbera,20180504,10.44,45.01,6.0,30.78,3.59,3.98,65.72,0.0
berbera,20180505,10.44,45.01,7.1892,31.14,3.94,4.6,60.71,0.0
berbera,20180506,10.44,45.01,7.1194,31.45,4.01,4.83,59.46,0.0
berbera,20180507,10.44,45.01,7.2941,31.37,3.82,4.47,58.26,0.0
berbera,20180508,10.44,45.01,7.2701,31.7,3.75,4.39,57.69,0.0
berbera,20180509,10.44,45.01,7.309,31.53,3.35,3.89,60.62,0.0
berbera,20180510,10.44,45.01,7.2262,30.26,2.61,2.81,68.53,0.0
berbera,20180511,10.44,45.01,6.1214,30.02,2.61,2.9,65.58,0.0
berbera,20180512,10.44,45.01,7.0418,30.13,2.65,2.76,69.02,0.05
berbera,20180513,10.44,45.01,6.6559,30.46,3.03,3.27,70.88,0.04
berbera,20180514,10.44,45.01,6.9574,30.01,2.31,2.41,69.74,0.01
berbera,20180515,10.44,45.01,6.3142,29.92,2.91,3.09,69.33,0.0
berbera,20180516,10.44,45.01,6.1918,29.96,3.3,3.76,69.8,0.0
berbera,20180517,10.44,45.01,5.8049,30.25,3.31,3.75,60.72,0.01
berbera,20180518,10.44,45.01,3.2434,29.41,3.88,4.12,67.75,0.16
berbera,20180519,10.44,45.01,4.9786,27.11,4.71,5.29,74.07,0.31
berbera,20180520,10.44,45.01,6.401,29.65,4.33,5.25,62.39,0.0
berbera,20180521,10.44,45.01,6.6864,31.01,4.53,5.53,60.66,0.05
berbera,20180522,10.44,45.01,6.3312,30.72,3.3,3.92,60.45,0.01
berbera,20180523,10.44,45.01,6.2407,31.43,2.6,3.26,52.66,0.01
berbera,20180524,10.44,45.01,6.2813,31.51,4.66,5.88,54.64,0.01
berbera,20180525,10.44,45.01,6.7082,32.46,6.32,8.26,49.43,0.01
berbera,20180526,10.44,45.01,7.1856,32.45,5.74,7.5,49.82,0.0
berbera,20180527,10.44,45.01,6.8407,32.87,6.23,8.15,51.43,0.0
berbera,20180528,10.44,45.01,6.7109,33.07,7.11,9.18,49.69,0.0
berbera,20180529,10.44,45.01,6.587,33.63,5.9,7.61,45.51,0.0
berbera,20180530,10.44,45.01,5.9352,32.79,6.1,8.09,47.66,0.0
berbera,20180531,10.44,45.01,6.2971,32.35,6.01,8.05,54.36,0.03
berbera,20180601,10.44,45.01,5.8975,32.45,5.69,7.63,52.77,0.07
berbera,20180602,10.44,45.01,6.7102,32.05,5.39,6.74,55.5,0.08
berbera,20180603,10.44,45.01,6.7181,32.4,6.38,7.88,52.26,0.1
berbera,20180604,10.44,45.01,6.102,33.02,6.55,8.24,47.64,0.06
berbera,20180605,10.44,45.01,4.4117,32.65,7.51,9.63,49.46,0.0
berbera,20180606,10.44,45.01,5.2421,32.25,8.33,10.39,50.13,0.0
berbera,20180607,10.44,45.01,5.4271,31.94,8.14,10.08,50.41,0.0
berbera,20180608,10.44,45.01,6.4615,32.34,7.8,9.83,52.2,0.0
berbera,20180609,10.44,45.01,6.5926,33.24,8.14,10.18,47.21,0.0
berbera,20180610,10.44,45.01,6.6046,33.52,7.24,9.14,47.64,0.0
berbera,20180611,10.44,45.01,6.3326,33.87,7.17,9.02,45.76,0.0
berbera,20180612,10.44,45.01,5.7838,33.51,7.82,10.14,46.47,0.0
berbera,20180613,10.44,45.01,5.6892,33.35,8.62,11.06,49.35,0.0
berbera,20180614,10.44,45.01,4.769,33.16,7.26,9.43,47.99,0.0
berbera,20180615,10.44,45.01,5.3021,32.46,6.92,9.31,50.21,0.01
berbera,20180616,10.44,45.01,5.5536,32.46,6.78,8.84,47.96,0.0
berbera,20180617,10.44,45.01,6.0319,32.8,6.0,7.74,48.0,0.01
berbera,20180618,10.44,45.01,5.9088,32.76,7.17,9.17,48.3,0.02
berbera,20180619,10.44,45.01,6.3931,32.63,7.2,9.2,49.08,0.01
berbera,20180620,10.44,45.01,5.4518,32.63,7.36,9.5,49.09,0.02
berbera,20180621,10.44,45.01,5.8774,32.75,6.4,8.43,48.01,0.0
berbera,20180622,10.44,45.01,6.0804,32.97,6.5,8.87,47.83,0.0
berbera,20180623,10.44,45.01,5.3167,32.42,7.48,9.88,50.85,0.01
berbera,20180624,10.44,45.01,4.8317,31.84,7.33,9.65,51.37,0.01
berbera,20180625,10.44,45.01,5.9038,32.01,6.59,8.51,52.29,0.01
berbera,20180626,10.44,45.01,6.1754,32.08,5.9,7.57,49.85,0.0
berbera,20180627,10.44,45.01,6.7529,32.76,6.16,7.87,48.52,0.01
berbera,20180628,10.44,45.01,6.5172,32.83,6.96,9.07,47.56,0.0
berbera,20180629,10.44,45.01,6.6449,33.23,8.56,10.97,45.51,0.0
berbera,20180630,10.44,45.01,6.1954,32.84,7.34,9.55,47.63,0.0
berbera,20180701,10.44,45.01,5.8426,32.64,6.59,8.72,48.95,0.0
berbera,20180702,10.44,45.01,5.9657,32.78,7.25,9.4,47.34,0.0
berbera,20180703,10.44,45.01,6.0922,33.24,8.0,10.2,45.87,0.0
berbera,20180704,10.44,45.01,5.7223,33.26,10.05,12.56,45.8,0.0
berbera,20180705,10.44,45.01,5.9534,32.87,10.87,13.54,45.61,0.0
berbera,20180706,10.44,45.01,5.6417,32.71,10.1,12.6,46.38,0.0
berbera,20180707,10.44,45.01,4.8502,32.44,9.67,12.15,47.04,0.0
berbera,20180708,10.44,45.01,4.4734,32.44,9.49,11.86,45.25,0.0
berbera,20180709,10.44,45.01,5.2171,32.58,10.12,12.67,45.75,0.0
berbera,20180710,10.44,45.01,6.5242,32.36,9.78,12.25,45.04,0.16
berbera,20180711,10.44,45.01,5.807,32.05,9.98,12.6,48.11,0.06
berbera,20180712,10.44,45.01,5.0808,32.34,9.79,12.5,48.29,0.01
berbera,20180713,10.44,45.01,5.2234,32.34,9.01,11.54,48.2,0.02
berbera,20180714,10.44,45.01,5.2718,32.75,8.93,11.29,45.47,0.05
berbera,20180715,10.44,45.01,5.7113,32.72,9.41,11.86,45.18,0.02
berbera,20180716,10.44,45.01,5.9095,32.77,9.25,11.63,46.01,0.05
berbera,20180717,10.44,45.01,6.0475,32.22,9.09,11.73,45.03,0.0
berbera,20180718,10.44,45.01,5.9114,32.34,8.94,11.55,45.51,0.02
berbera,20180719,10.44,45.01,5.2961,31.99,8.96,11.28,45.82,0.01
berbera,20180720,10.44,45.01,5.9443,31.87,8.73,11.07,47.8,0.02
berbera,20180721,10.44,45.01,6.0686,32.1,9.59,11.97,47.08,0.06
berbera,20180722,10.44,45.01,6.2904,32.33,10.54,13.14,45.84,0.04
berbera,20180723,10.44,45.01,6.3955,32.14,10.32,12.87,44.65,0.01
berbera,20180724,10.44,45.01,5.7146,31.66,8.68,10.96,47.59,0.05
berbera,20180725,10.44,45.01,6.4114,31.42,7.01,8.96,48.32,0.0
berbera,20180726,10.44,45.01,5.8944,31.61,6.54,8.43,48.86,0.02
berbera,20180727,10.44,45.01,6.2626,32.52,6.99,9.11,46.04,0.01
berbera,20180728,10.44,45.01,6.4279,33.03,7.58,10.08,43.8,0.0
berbera,20180729,10.44,45.01,5.5267,32.76,6.2,8.39,46.55,0.02
berbera,20180730,10.44,45.01,4.7016,31.78,5.69,7.84,53.57,7.06
berbera,20180731,10.44,45.01,4.9603,31.13,5.06,6.98,56.79,1.17
berbera,20180801,10.44,45.01,6.3768,31.84,4.36,6.09,53.11,0.02
berbera,20180802,10.44,45.01,6.569,32.43,5.88,7.92,48.87,0.0
berbera,20180803,10.44,45.01,6.5522,33.1,8.39,10.75,45.9,0.07
berbera,20180804,10.44,45.01,6.5556,33.07,8.15,10.36,45.97,0.0
berbera,20180805,10.44,45.01,5.7458,32.41,8.0,10.14,48.41,0.0
berbera,20180806,10.44,45.01,6.468,32.55,6.58,8.57,48.18,0.0
berbera,20180807,10.44,45.01,6.8352,33.01,6.91,9.15,45.51,0.0
berbera,20180808,10.44,45.01,7.0303,32.63,6.99,9.26,46.99,0.0
berbera,20180809,10.44,45.01,6.384,32.82,8.18,11.04,48.4,0.04
berbera,20180810,10.44,45.01,5.995,32.97,9.5,11.85,44.74,0.01
berbera,20180811,10.44,45.01,6.0514,32.67,9.94,12.56,46.1,0.03
berbera,20180812,10.44,45.01,6.3053,33.02,8.83,11.24,41.65,0.0
berbera,20180813,10.44,45.01,6.1428,32.25,8.11,10.54,47.65,0.02
berbera,20180814,10.44,45.01,5.9954,32.05,9.23,12.04,46.65,0.0
berbera,20180815,10.44,45.01,6.624,32.36,8.91,11.36,47.06,0.0
berbera,20180816,10.44,45.01,6.049,31.81,7.57,9.83,49.53,0.01
berbera,20180817,10.44,45.01,6.474,31.94,6.62,8.74,49.71,0.0
berbera,20180818,10.44,45.01,6.5035,31.98,7.59,9.86,49.79,0.0
berbera,20180819,10.44,45.01,6.7937,32.55,7.11,9.13,46.62,0.21
berbera,20180820,10.44,45.01,6.5902,32.51,7.03,9.21,47.82,0.12
berbera,20180821,10.44,45.01,6.7646,32.61,7.03,9.25,48.04,0.4
berbera,20180822,10.44,45.01,6.2093,32.18,7.51,9.74,50.11,0.17
berbera,20180823,10.44,45.01,6.8448,32.31,6.88,9.1,48.88,0.07
berbera,20180824,10.44,45.01,6.8969,32.83,5.98,8.03,47.65,0.0
berbera,20180825,10.44,45.01,4.6538,33.12,6.74,9.1,47.02,0.0
berbera,20180826,10.44,45.01,6.6178,33.09,7.7,10.08,46.71,0.0
berbera,20180827,10.44,45.01,6.9118,32.98,7.21,9.54,48.37,0.0
berbera,20180828,10.44,45.01,6.672,32.99,6.41,8.44,47.4,0.0
berbera,20180829,10.44,45.01,6.0386,32.55,8.1,10.47,48.42,0.11
berbera,20180830,10.44,45.01,6.6415,32.4,7.75,9.81,48.22,0.0
berbera,20180831,10.44,45.01,5.5044,32.62,7.7,9.84,45.9,0.0
berbera,20180901,10.44,45.01,6.5174,32.84,7.13,9.13,46.02,0.0
berbera,20180902,10.44,45.01,6.5815,32.91,6.4,8.28,47.81,0.0
berbera,20180903,10.44,45.01,6.7606,32.7,5.75,7.36,48.65,0.05
berbera,20180904,10.44,45.01,6.4853,32.55,4.98,6.34,49.61,0.09
berbera,20180905,10.44,45.01,7.1282,32.39,4.62,5.87,51.48,0.02
berbera,20180906,10.44,45.01,7.0214,32.36,5.27,6.71,49.74,0.01
berbera,20180907,10.44,45.01,6.8575,32.73,5.71,7.25,49.18,0.02
berbera,20180908,10.44,45.01,6.709,32.67,5.53,7.06,50.24,0.01
berbera,20180909,10.44,45.01,7.2211,32.17,4.55,5.56,51.8,0.0
berbera,20180910,10.44,45.01,7.0637,32.73,3.89,5.12,49.45,0.0
berbera,20180911,10.44,45.01,6.6667,33.31,3.77,5.19,49.51,0.01
berbera,20180912,10.44,45.01,6.7418,32.42,4.22,5.29,54.98,0.01
berbera,20180913,10.44,45.01,6.0053,31.77,3.85,4.69,58.39,0.03
berbera,20180914,10.44,45.01,6.5482,31.88,4.49,5.33,57.68,0.06
berbera,20180915,10.44,45.01,6.7289,32.19,4.23,5.18,56.93,0.01
berbera,20180916,10.44,45.01,6.8777,31.68,3.93,4.68,60.4,0.0
berbera,20180917,10.44,45.01,6.5196,31.89,4.06,4.65,59.28,0.06
berbera,20180918,10.44,45.01,7.0404,32.02,3.1,3.6,59.76,0.0
berbera,20180919,10.44,45.01,7.1914,31.64,2.95,3.37,55.82,0.0
berbera,20180920,10.44,45.01,6.7111,31.22,3.06,3.41,58.34,0.0
berbera,20180921,10.44,45.01,6.785,31.22,3.7,4.18,58.1,0.0
berbera,20180922,10.44,45.01,6.7692,30.03,3.3,3.59,61.41,0.0
berbera,20180923,10.44,45.01,7.259,29.9,3.33,3.71,58.03,0.0
berbera,20180924,10.44,45.01,6.7915,29.46,3.89,4.32,60.46,0.0
berbera,20180925,10.44,45.01,6.9499,29.11,3.54,3.83,63.33,0.0
berbera,20180926,10.44,45.01,6.9703,29.19,3.25,3.51,63.52,0.0
berbera,20180927,10.44,45.01,7.0786,29.6,3.19,3.44,59.48,0.0
berbera,20180928,10.44,45.01,7.0145,29.53,2.57,2.63,59.55,0.03
berbera,20180929,10.44,45.01,5.6359,30.23,3.72,4.0,67.0,0.48
berbera,20180930,10.44,45.01,6.3888,29.31,4.04,4.34,72.22,0.66
berbera,20181001,10.44,45.01,6.5549,28.84,4.58,5.06,69.44,0.2
berbera,20181002,10.44,45.01,6.5868,28.59,3.81,4.14,67.57,0.12
berbera,20181003,10.44,45.01,5.9064,28.81,3.13,3.26,69.14,0.02
berbera,20181004,10.44,45.01,6.8772,28.71,2.51,2.62,67.34,0.0
berbera,20181005,10.44,45.01,7.0613,29.3,2.74,3.01,60.98,0.0
berbera,20181006,10.44,45.01,6.9334,29.91,3.44,3.91,51.19,0.0
berbera,20181007,10.44,45.01,7.189,29.64,3.24,3.64,53.1,0.0
berbera,20181008,10.44,45.01,6.8844,28.93,3.86,4.31,65.38,0.0
berbera,20181009,10.44,45.01,7.0286,28.8,2.69,2.98,55.76,0.0
berbera,20181010,10.44,45.01,6.3151,30.39,3.29,3.77,50.0,0.0
berbera,20181011,10.44,45.01,6.7786,30.49,2.88,3.33,54.26,0.0
berbera,20181012,10.44,45.01,6.528,30.97,2.93,3.46,46.29,0.0
berbera,20181013,10.44,45.01,6.163,30.69,2.25,2.46,47.35,0.02
berbera,20181014,10.44,45.01,6.3804,30.91,2.79,3.33,47.14,0.02
berbera,20181015,10.44,45.01,6.1594,30.87,3.11,3.61,57.52,0.1
berbera,20181016,10.44,45.01,5.3011,31.09,3.05,3.45,61.82,3.63
berbera,20181017,10.44,45.01,5.9585,30.2,4.86,5.35,64.46,9.02
berbera,20181018,10.44,45.01,3.8491,28.95,3.76,4.23,71.33,6.22
berbera,20181019,10.44,45.01,5.5438,28.77,3.72,4.1,72.74,2.65
berbera,20181020,10.44,45.01,6.3144,28.8,4.21,4.63,73.41,1.08
berbera,20181021,10.44,45.01,6.174,28.57,4.66,5.16,73.14,0.76
berbera,20181022,10.44,45.01,6.0598,27.75,4.39,4.82,70.06,0.17
berbera,20181023,10.44,45.01,6.3886,27.5,3.91,4.18,71.68,0.05
berbera,20181024,10.44,45.01,6.2302,28.06,4.24,4.59,74.07,0.14
berbera,20181025,10.44,45.01,5.681,28.11,4.46,4.87,74.96,0.3
berbera,20181026,10.44,45.01,5.6832,28.09,5.03,5.59,76.59,0.36
berbera,20181027,10.44,45.01,5.8308,27.84,3.98,4.4,71.99,0.43
berbera,20181028,10.44,45.01,6.0653,27.66,3.71,4.08,69.34,0.56
berbera,20181029,10.44,45.01,6.3718,27.46,3.89,4.37,67.35,0.01
berbera,20181030,10.44,45.01,6.4025,26.7,4.19,4.77,69.11,0.0
berbera,20181031,10.44,45.01,6.1678,26.72,4.38,4.98,68.31,0.55
berbera,20181101,10.44,45.01,6.3034,27.18,4.0,4.59,62.59,0.0
berbera,20181102,10.44,45.01,6.2662,27.57,3.58,4.11,59.46,0.0
berbera,20181103,10.44,45.01,6.0662,27.06,4.29,4.92,66.07,0.0
berbera,20181104,10.44,45.01,6.0922,26.5,4.27,4.76,65.66,0.0
berbera,20181105,10.44,45.01,6.1481,26.5,3.92,4.31,70.37,0.0
berbera,20181106,10.44,45.01,5.8723,26.78,4.59,5.14,72.27,0.0
berbera,20181107,10.44,45.01,5.868,26.68,4.46,4.93,73.04,0.16
berbera,20181108,10.44,45.01,5.9731,26.87,4.18,4.61,74.79,0.06
berbera,20181109,10.44,45.01,5.7278,27.43,4.58,5.05,74.57,0.28
berbera,20181110,10.44,45.01,5.6035,27.58,4.43,4.87,77.04,1.37
berbera,20181111,10.44,45.01,5.8291,27.26,4.44,4.92,78.16,1.75
berbera,20181112,10.44,45.01,5.7422,26.75,4.3,4.7,75.81,0.91
berbera,20181113,10.44,45.01,6.0814,26.39,4.24,4.65,73.14,0.35
berbera,20181114,10.44,45.01,6.1589,26.22,4.33,4.7,73.37,0.47
berbera,20181115,10.44,45.01,5.7554,27.17,4.73,5.21,73.83,3.42
berbera,20181116,10.44,45.01,5.2889,26.88,4.13,4.55,72.6,0.96
berbera,20181117,10.44,45.01,5.891,26.01,2.98,3.21,73.98,0.0
berbera,20181118,10.44,45.01,5.9537,25.47,2.97,3.3,71.32,0.0
berbera,20181119,10.44,45.01,6.3041,25.51,3.24,3.63,68.49,0.0
berbera,20181120,10.44,45.01,6.1003,25.46,2.49,2.76,67.33,0.0
berbera,20181121,10.44,45.01,6.2285,25.35,2.65,2.94,68.46,0.0
berbera,20181122,10.44,45.01,6.0871,25.57,3.73,4.25,72.73,0.0
berbera,20181123,10.44,45.01,5.3808,26.31,4.36,4.86,75.73,0.0
berbera,20181124,10.44,45.01,5.5126,26.95,4.54,5.09,78.09,0.0
berbera,20181125,10.44,45.01,5.1842,27.1,4.17,4.62,78.85,0.01
berbera,20181126,10.44,45.01,5.009,26.57,3.82,4.23,77.32,0.02
berbera,20181127,10.44,45.01,5.5682,26.67,3.92,4.43,76.74,0.27
berbera,20181128,10.44,45.01,4.5814,26.82,5.02,5.84,75.31,0.3
berbera,20181129,10.44,45.01,5.7473,26.53,5.42,6.33,73.36,0.01
berbera,20181130,10.44,45.01,5.7679,26.12,5.43,6.24,73.07,0.04
berbera,20181201,10.44,45.01,5.616,25.68,4.59,5.24,75.26,0.06
berbera,20181202,10.44,45.01,5.7422,25.64,4.12,4.65,74.51,0.0
berbera,20181203,10.44,45.01,5.9256,25.49,4.08,4.71,73.37,0.0
berbera,20181204,10.44,45.01,5.711,25.62,4.68,5.43,72.0,0.0
berbera,20181205,10.44,45.01,5.8452,25.57,3.86,4.32,73.11,0.0
berbera,20181206,10.44,45.01,5.7497,25.83,3.44,3.7,73.86,0.0
berbera,20181207,10.44,45.01,5.7686,26.07,3.2,3.39,73.61,0.0
berbera,20181208,10.44,45.01,5.8027,25.94,3.46,3.76,72.59,0.0
berbera,20181209,10.44,45.01,5.927,25.45,3.38,3.77,71.66,0.0
berbera,20181210,10.44,45.01,6.036,25.28,3.74,4.25,70.63,0.0
berbera,20181211,10.44,45.01,5.988,24.79,3.54,3.99,71.85,0.0
berbera,20181212,10.44,45.01,5.6861,24.83,3.48,3.93,70.42,0.23
berbera,20181213,10.44,45.01,5.7617,24.79,3.77,4.32,70.71,0.2
berbera,20181214,10.44,45.01,5.1065,25.07,4.21,4.88,72.26,0.17
berbera,20181215,10.44,45.01,5.6532,25.04,3.85,4.41,73.54,0.05
berbera,20181216,10.44,45.01,5.6352,25.06,4.49,5.22,71.73,0.02
berbera,20181217,10.44,45.01,5.7535,24.75,5.12,6.0,70.06,0.0
berbera,20181218,10.44,45.01,5.7427,24.57,4.1,4.71,66.88,0.0
berbera,20181219,10.44,45.01,4.4378,24.44,3.38,3.71,74.7,0.0
berbera,20181220,10.44,45.01,4.1326,25.62,5.25,6.08,75.54,0.0
berbera,20181221,10.44,45.01,5.5954,25.05,4.38,4.98,74.4,0.0
berbera,20181222,10.44,45.01,6.1898,24.29,4.58,5.27,65.77,0.0
berbera,20181223,10.44,45.01,5.9736,24.09,4.84,5.65,68.87,0.0
berbera,20181224,10.44,45.01,5.7955,23.9,5.07,5.96,69.53,0.0
berbera,20181225,10.44,45.01,5.5968,23.86,5.01,5.9,69.01,0.0
berbera,20181226,10.44,45.01,5.9796,23.61,5.15,6.02,68.62,0.0
berbera,20181227,10.44,45.01,5.0546,24.35,5.16,5.83,75.2,0.0
berbera,20181228,10.44,45.01,4.9896,24.73,4.2,4.68,77.44,0.0
berbera,20181229,10.44,45.01,5.4142,24.51,4.01,4.54,76.4,0.0
berbera,20181230,10.44,45.01,5.6484,24.1,4.43,5.1,73.94,0.0
berbera,20181231,10.44,45.01,5.6038,23.93,3.5,3.99,69.4,0.0
berbera,20190101,10.44,45.01,5.178,24.37,3.68,4.07,73.49,0.0
berbera,20190102,10.44,45.01,3.4956,25.0,5.04,5.67,78.8,0.0
berbera,20190103,10.44,45.01,4.8706,24.85,5.3,5.96,77.06,0.0
berbera,20190104,10.44,45.01,5.5632,24.53,4.41,5.04,75.33,0.0
berbera,20190105,10.44,45.01,5.8615,23.74,4.01,4.6,71.63,0.0
berbera,20190106,10.44,45.01,5.9402,23.44,3.74,4.31,70.56,0.0
berbera,20190107,10.44,45.01,5.4161,23.67,3.66,4.14,72.51,0.0
berbera,20190108,10.44,45.01,5.0642,23.53,3.38,3.85,73.51,0.0
berbera,20190109,10.44,45.01,5.6215,23.79,3.35,3.79,70.09,0.0
berbera,20190110,10.44,45.01,5.6993,23.9,2.96,3.32,73.2,0.0
berbera,20190111,10.44,45.01,5.8085,23.7,3.91,4.52,73.56,0.0
berbera,20190112,10.44,45.01,5.8284,24.12,4.95,5.72,71.13,0.0
berbera,20190113,10.44,45.01,5.8399,24.32,4.67,5.31,72.22,0.0
berbera,20190114,10.44,45.01,5.8001,24.34,4.6,5.24,73.09,0.0
berbera,20190115,10.44,45.01,5.7554,23.95,4.0,4.48,75.88,0.0
berbera,20190116,10.44,45.01,5.9239,23.9,3.21,3.52,75.14,0.0
berbera,20190117,10.44,45.01,5.9954,23.56,2.32,2.43,72.47,0.0
berbera,20190118,10.44,45.01,6.2352,23.29,2.7,3.02,69.68,0.0
berbera,20190119,10.44,45.01,6.1442,23.7,3.56,4.05,72.62,0.0
berbera,20190120,10.44,45.01,5.9966,23.8,3.87,4.36,72.79,0.0
berbera,20190121,10.44,45.01,5.9395,23.85,3.72,4.24,73.17,0.0
berbera,20190122,10.44,45.01,5.9146,24.1,3.7,4.2,74.29,0.0
berbera,20190123,10.44,45.01,5.7329,24.33,4.48,5.01,74.55,0.0
berbera,20190124,10.44,45.01,5.6431,24.32,4.19,4.69,73.87,0.0
berbera,20190125,10.44,45.01,5.6371,24.32,4.52,5.03,75.96,0.0
berbera,20190126,10.44,45.01,5.6388,24.58,5.37,6.19,73.72,0.02
berbera,20190127,10.44,45.01,6.4102,24.27,6.05,7.02,70.5,0.03
berbera,20190128,10.44,45.01,5.1518,24.53,6.14,6.89,75.71,0.07
berbera,20190129,10.44,45.01,5.1547,24.67,5.62,6.27,76.36,0.06
berbera,20190130,10.44,45.01,5.801,24.57,5.08,5.65,76.53,0.02
berbera,20190131,10.44,45.01,6.4716,24.28,4.08,4.58,71.74,0.0
berbera,20190201,10.44,45.01,6.4966,23.87,3.32,3.67,72.88,0.0
berbera,20190202,10.44,45.01,6.5542,23.89,3.18,3.53,73.3,0.0
berbera,20190203,10.44,45.01,6.2189,24.38,4.43,5.01,74.07,0.0
berbera,20190204,10.44,45.01,5.2886,24.53,4.98,5.6,76.68,0.0
berbera,20190205,10.44,45.01,5.9899,24.71,5.22,5.89,75.64,0.0
berbera,20190206,10.44,45.01,5.6395,24.89,5.33,5.97,75.32,0.0
berbera,20190207,10.44,45.01,6.1452,24.83,5.68,6.46,74.92,0.0
berbera,20190208,10.44,45.01,5.8639,25.07,5.61,6.34,72.57,0.0
berbera,20190209,10.44,45.01,5.5085,24.89,5.37,5.98,74.52,0.0
berbera,20190210,10.44,45.01,5.8243,24.97,4.81,5.3,75.61,0.0
berbera,20190211,10.44,45.01,6.0866,25.65,3.89,4.24,70.77,0.0
berbera,20190212,10.44,45.01,5.923,25.58,3.52,3.72,75.08,0.0
berbera,20190213,10.44,45.01,5.9686,25.81,5.64,6.38,78.43,0.0
berbera,20190214,10.44,45.01,5.8906,25.81,5.44,6.05,77.68,0.0
berbera,20190215,10.44,45.01,5.9076,26.12,5.08,5.74,77.13,0.02
berbera,20190216,10.44,45.01,5.3172,25.75,4.14,4.56,77.83,0.04
berbera,20190217,10.44,45.01,6.0562,25.21,2.61,2.75,75.83,0.04
berbera,20190218,10.44,45.01,6.0804,25.34,2.24,2.33,75.28,0.01
berbera,20190219,10.44,45.01,4.9198,25.77,3.2,3.52,76.46,0.02
berbera,20190220,10.44,45.01,4.4731,25.31,4.71,5.28,73.8,0.01
berbera,20190221,10.44,45.01,5.3578,26.02,6.16,6.91,75.52,0.06
berbera,20190222,10.44,45.01,5.3784,25.77,5.32,5.84,76.53,0.04
berbera,20190223,10.44,45.01,5.605,25.74,4.38,4.82,75.73,0.02
berbera,20190224,10.44,45.01,6.0994,25.47,4.1,4.49,76.77,0.02
berbera,20190225,10.44,45.01,6.4178,25.31,3.46,3.85,75.05,0.0
berbera,20190226,10.44,45.01,6.503,25.62,3.36,3.6,74.42,0.0
berbera,20190227,10.44,45.01,6.6852,26.38,4.14,4.56,71.21,0.0
berbera,20190228,10.44,45.01,6.8806,27.21,4.1,4.61,62.28,0.0
berbera,20190301,10.44,45.01,6.6492,26.47,3.25,3.65,66.43,0.0
berbera,20190302,10.44,45.01,4.9274,26.4,4.74,5.44,70.67,0.0
berbera,20190303,10.44,45.01,4.3908,25.82,5.21,6.05,73.2,0.0
berbera,20190304,10.44,45.01,5.3472,25.72,3.85,4.26,73.25,0.0
berbera,20190305,10.44,45.01,6.7061,26.08,3.28,3.46,75.38,0.01
berbera,20190306,10.44,45.01,5.4986,26.59,3.38,3.68,79.09,0.04
berbera,20190307,10.44,45.01,5.4758,26.27,2.85,3.0,73.22,0.02
berbera,20190308,10.44,45.01,5.5906,26.72,4.05,4.31,74.01,0.0
berbera,20190309,10.44,45.01,5.7127,26.83,4.96,5.48,77.21,0.01
berbera,20190310,10.44,45.01,6.4123,26.66,5.55,6.26,74.87,0.01
berbera,20190311,10.44,45.01,6.5371,26.88,4.78,5.39,69.4,0.0
berbera,20190312,10.44,45.01,6.4932,27.27,5.3,6.03,66.58,0.0
berbera,20190313,10.44,45.01,6.4634,26.92,5.52,6.22,72.14,0.0
berbera,20190314,10.44,45.01,6.5717,27.15,5.15,5.9,70.44,0.0
berbera,20190315,10.44,45.01,6.7584,27.17,4.21,4.74,70.24,0.0
berbera,20190316,10.44,45.01,6.6926,27.06,4.12,4.62,71.85,0.0
berbera,20190317,10.44,45.01,6.8832,26.47,3.58,3.83,74.28,0.0
berbera,20190318,10.44,45.01,6.535,26.48,3.86,4.13,73.98,0.0
berbera,20190319,10.44,45.01,6.8201,26.79,4.62,5.16,72.1,0.0
berbera,20190320,10.44,45.01,7.0795,27.11,4.28,4.76,66.64,0.0
berbera,20190321,10.44,45.01,6.9379,27.33,4.48,4.98,62.79,0.0
berbera,20190322,10.44,45.01,7.1376,27.53,4.23,4.74,57.4,0.0
berbera,20190323,10.44,45.01,6.9917,27.45,3.85,4.3,63.37,0.0
berbera,20190324,10.44,45.01,7.0301,28.19,4.21,4.83,62.98,0.0
berbera,20190325,10.44,45.01,7.1503,29.28,4.45,5.26,58.13,0.0
berbera,20190326,10.44,45.01,6.6305,28.71,4.01,4.58,70.97,0.0
berbera,20190327,10.44,45.01,6.4272,27.49,3.55,3.7,78.39,2.26
berbera,20190328,10.44,45.01,6.756,27.52,3.1,3.29,75.0,0.29
berbera,20190329,10.44,45.01,6.8674,27.66,3.61,3.96,71.8,0.14
berbera,20190330,10.44,45.01,6.8045,28.09,4.22,4.77,71.43,0.1
berbera,20190331,10.44,45.01,6.7637,28.93,4.73,5.68,63.19,0.04
berbera,20190401,10.44,45.01,7.1626,28.81,3.99,4.64,61.74,0.07
berbera,20190402,10.44,45.01,7.1455,28.06,3.49,3.72,67.93,0.12
berbera,20190403,10.44,45.01,6.9394,27.9,3.11,3.21,71.74,0.69
berbera,20190404,10.44,45.01,6.7483,28.14,3.35,3.6,73.27,1.24
berbera,20190405,10.44,45.01,6.9262,28.73,4.33,4.96,67.49,0.23
berbera,20190406,10.44,45.01,6.9955,29.3,4.43,5.22,60.04,0.0
berbera,20190407,10.44,45.01,7.265,28.72,3.53,3.93,63.53,0.0
berbera,20190408,10.44,45.01,7.3332,28.27,3.11,3.28,71.19,0.0
berbera,20190409,10.44,45.01,7.1465,28.72,3.77,4.16,69.15,0.0
berbera,20190410,10.44,45.01,7.0541,29.11,4.82,5.37,70.7,0.0
berbera,20190411,10.44,45.01,6.4027,29.4,4.1,4.67,68.78,0.02
berbera,20190412,10.44,45.01,7.073,29.66,3.81,4.41,65.22,0.0
berbera,20190413,10.44,45.01,7.2269,29.56,3.01,3.36,65.96,0.01
berbera,20190414,10.44,45.01,6.816,29.27,2.98,3.25,69.37,0.04
berbera,20190415,10.44,45.01,6.0643,29.04,3.65,4.02,72.8,0.25
berbera,20190416,10.44,45.01,6.5422,29.07,3.9,4.3,74.53,0.01
berbera,20190417,10.44,45.01,6.5777,29.09,3.98,4.55,74.11,0.0
berbera,20190418,10.44,45.01,6.685,29.09,4.08,4.49,75.85,0.0
berbera,20190419,10.44,45.01,6.324,28.76,3.28,3.44,77.31,0.0
berbera,20190420,10.44,45.01,6.1608,28.39,2.54,2.6,76.92,0.0
berbera,20190421,10.44,45.01,6.1145,28.76,2.56,2.65,73.35,0.0
berbera,20190422,10.44,45.01,6.4212,28.47,2.31,2.35,77.17,0.0
berbera,20190423,10.44,45.01,6.24,28.53,2.88,3.01,77.34,0.0
berbera,20190424,10.44,45.01,5.8277,28.76,3.66,4.07,76.7,0.0
berbera,20190425,10.44,45.01,6.5899,28.62,4.9,5.5,68.85,0.0
berbera,20190426,10.44,45.01,7.4088,28.61,4.47,4.85,67.48,0.0
berbera,20190427,10.44,45.01,7.3121,28.71,4.72,5.18,71.19,0.0
berbera,20190428,10.44,45.01,7.488,28.86,3.52,3.79,68.88,0.0
berbera,20190429,10.44,45.01,7.3958,30.0,3.48,3.97,60.73,0.0
berbera,20190430,10.44,45.01,7.2804,30.91,3.75,4.55,54.2,0.0
berbera,20190501,10.44,45.01,7.1431,31.05,3.57,4.31,53.99,0.0
berbera,20190502,10.44,45.01,7.3051,30.84,3.14,3.73,54.66,0.0
berbera,20190503,10.44,45.01,7.475,31.34,3.91,4.73,49.18,0.0
berbera,20190504,10.44,45.01,7.5458,31.87,5.03,6.15,47.4,0.0
berbera,20190505,10.44,45.01,7.3166,31.72,4.44,5.27,53.36,0.0
berbera,20190506,10.44,45.01,6.8753,30.67,3.62,4.03,64.26,0.0
berbera,20190507,10.44,45.01,6.9247,29.92,3.96,4.41,68.43,0.0
berbera,20190508,10.44,45.01,7.3656,29.52,3.07,3.52,59.77,0.0
berbera,20190509,10.44,45.01,7.055,30.28,3.21,3.59,60.68,0.0
berbera,20190510,10.44,45.01,6.6718,29.72,3.04,3.15,71.7,0.0
berbera,20190511,10.44,45.01,5.9645,29.7,3.17,3.34,75.07,0.18
berbera,20190512,10.44,45.01,5.8562,30.62,2.9,3.43,68.36,0.09
berbera,20190513,10.44,45.01,6.5237,30.05,4.19,4.53,69.64,0.15
berbera,20190514,10.44,45.01,6.4447,30.63,3.33,3.5,68.8,0.12
berbera,20190515,10.44,45.01,6.7075,32.27,2.85,3.5,61.72,0.17
berbera,20190516,10.44,45.01,6.9072,32.85,3.48,4.75,59.27,0.0
berbera,20190517,10.44,45.01,6.9146,33.4,3.85,5.12,55.59,0.0
berbera,20190518,10.44,45.01,6.7159,32.88,3.58,4.34,58.14,0.0
berbera,20190519,10.44,45.01,6.5186,32.14,3.79,4.52,61.74,0.0
berbera,20190520,10.44,45.01,4.2223,31.9,3.32,4.07,57.59,0.0
berbera,20190521,10.44,45.01,6.2575,31.57,3.74,4.13,59.3,0.0
berbera,20190522,10.44,45.01,6.0552,30.24,3.63,3.78,71.21,0.0
berbera,20190523,10.44,45.01,6.8323,30.15,2.99,3.11,68.53,0.0
berbera,20190524,10.44,45.01,6.9386,31.05,3.21,3.54,62.23,0.0
berbera,20190525,10.44,45.01,7.2727,31.53,2.95,3.28,58.68,0.0
berbera,20190526,10.44,45.01,7.314,31.97,2.88,3.26,54.01,0.0
berbera,20190527,10.44,45.01,6.2189,32.3,2.34,2.57,55.52,0.02
berbera,20190528,10.44,45.01,6.3917,32.93,2.54,3.02,56.8,0.11
berbera,20190529,10.44,45.01,6.4714,33.17,4.32,5.28,54.74,0.1
berbera,20190530,10.44,45.01,6.6557,32.34,4.17,4.76,59.99,0.15
berbera,20190531,10.44,45.01,6.3442,31.74,3.44,3.94,62.42,0.34
berbera,20190601,10.44,45.01,4.3394,30.58,3.79,4.19,62.29,0.41
berbera,20190602,10.44,45.01,3.5314,30.39,3.77,4.16,59.72,2.18
berbera,20190603,10.44,45.01,6.6173,31.84,2.9,3.21,56.26,0.03
berbera,20190604,10.44,45.01,6.63,32.74,3.61,4.36,54.4,0.0
berbera,20190605,10.44,45.01,6.7529,33.19,4.55,5.68,53.47,0.21
berbera,20190606,10.44,45.01,6.5966,32.43,5.26,6.27,58.5,0.94
berbera,20190607,10.44,45.01,6.6802,32.34,5.8,6.95,58.3,1.17
berbera,20190608,10.44,45.01,6.4308,31.72,3.5,4.12,61.72,12.28
berbera,20190609,10.44,45.01,3.2784,30.57,6.37,7.62,67.79,14.13
berbera,20190610,10.44,45.01,6.0103,31.41,6.77,7.99,58.8,1.57
berbera,20190611,10.44,45.01,6.6365,32.11,6.38,7.81,56.3,0.01
berbera,20190612,10.44,45.01,6.7373,32.62,7.58,9.43,54.64,0.01
berbera,20190613,10.44,45.01,6.5069,32.42,7.98,10.02,53.91,0.01
berbera,20190614,10.44,45.01,6.3912,32.52,8.35,10.52,53.18,0.01
berbera,20190615,10.44,45.01,6.2746,32.59,7.53,9.51,55.63,0.09
berbera,20190616,10.44,45.01,5.9916,32.56,8.39,10.64,51.16,0.0
berbera,20190617,10.44,45.01,6.6998,32.91,8.72,10.76,46.8,0.0
berbera,20190618,10.44,45.01,6.6624,32.83,7.31,9.21,50.78,0.0
berbera,20190619,10.44,45.01,5.9856,32.71,7.18,9.11,52.64,0.0
berbera,20190620,10.44,45.01,6.571,32.83,6.73,8.4,50.53,0.0
berbera,20190621,10.44,45.01,5.7852,33.16,7.71,9.59,48.36,0.0
berbera,20190622,10.44,45.01,5.7535,33.57,8.37,10.42,48.5,0.0
berbera,20190623,10.44,45.01,6.6655,33.01,6.87,8.57,51.05,0.0
berbera,20190624,10.44,45.01,6.6005,33.04,6.34,7.91,52.41,0.0
berbera,20190625,10.44,45.01,6.919,32.94,5.33,6.43,53.95,0.0
berbera,20190626,10.44,45.01,5.9614,33.68,5.95,7.68,52.33,0.0
berbera,20190627,10.44,45.01,6.515,34.64,9.27,11.55,45.22,0.0
berbera,20190628,10.44,45.01,6.606,33.57,11.5,14.29,47.83,0.0
berbera,20190629,10.44,45.01,6.7954,33.35,8.81,10.89,47.9,0.0
berbera,20190630,10.44,45.01,6.5856,33.47,9.01,11.23,47.67,0.0
berbera,20190701,10.44,45.01,5.9395,33.21,7.73,10.04,51.26,0.0
berbera,20190702,10.44,45.01,5.6105,33.11,6.64,8.76,53.95,0.0
berbera,20190703,10.44,45.01,6.5208,33.12,6.24,8.12,50.31,0.0
berbera,20190704,10.44,45.01,6.755,32.99,6.32,8.15,48.84,0.0
berbera,20190705,10.44,45.01,6.8155,33.53,7.77,9.89,45.81,0.0
berbera,20190706,10.44,45.01,6.0098,33.7,8.01,10.15,47.5,0.0
berbera,20190707,10.44,45.01,6.619,33.81,7.8,10.01,46.47,0.0
berbera,20190708,10.44,45.01,6.7022,33.37,6.77,8.8,48.67,0.0
berbera,20190709,10.44,45.01,6.6182,32.9,7.47,9.73,50.22,0.0
berbera,20190710,10.44,45.01,6.2318,33.65,8.2,10.44,48.41,0.01
berbera,20190711,10.44,45.01,6.2885,33.79,8.52,10.77,48.06,0.01
berbera,20190712,10.44,45.01,5.8548,33.0,6.13,7.93,51.72,0.03
berbera,20190713,10.44,45.01,5.526,33.24,6.89,8.87,51.69,0.02
berbera,20190714,10.44,45.01,5.7581,33.1,9.65,11.86,49.54,0.03
berbera,20190715,10.44,45.01,6.0622,32.83,7.61,9.59,51.31,0.0
berbera,20190716,10.44,45.01,6.4656,33.08,8.58,10.76,47.51,0.0
berbera,20190717,10.44,45.01,6.3677,32.88,11.36,14.07,48.26,0.0
berbera,20190718,10.44,45.01,6.2839,32.48,9.6,12.06,48.1,0.0
berbera,20190719,10.44,45.01,5.8661,32.72,7.34,9.4,47.16,0.0
berbera,20190720,10.44,45.01,6.2206,33.15,8.16,10.52,46.57,0.0
berbera,20190721,10.44,45.01,4.9939,33.31,9.24,11.66,46.36,0.0
berbera,20190722,10.44,45.01,4.8168,33.39,8.27,10.54,45.95,0.0
berbera,20190723,10.44,45.01,5.0587,32.61,8.68,11.15,48.48,0.0
berbera,20190724,10.44,45.01,4.6214,32.39,8.32,10.59,49.86,0.0
berbera,20190725,10.44,45.01,5.3304,32.97,8.38,10.67,45.84,0.0
berbera,20190726,10.44,45.01,6.1783,32.53,9.09,11.46,47.27,0.0
berbera,20190727,10.44,45.01,6.6605,31.24,8.4,10.09,50.22,0.0
berbera,20190728,10.44,45.01,6.7116,32.95,7.53,9.52,47.13,0.0
berbera,20190729,10.44,45.01,6.7817,33.01,7.74,9.74,47.32,0.0
berbera,20190730,10.44,45.01,6.5196,32.8,8.55,10.71,48.52,0.0
berbera,20190731,10.44,45.01,5.8985,33.51,8.89,11.1,46.47,0.0
berbera,20190801,10.44,45.01,6.6266,33.44,5.96,7.8,48.31,0.0
berbera,20190802,10.44,45.01,6.0799,33.33,5.29,7.13,48.79,0.0
berbera,20190803,10.44,45.01,5.5925,33.1,7.66,9.79,49.2,0.0
berbera,20190804,10.44,45.01,5.849,33.62,11.4,14.28,43.19,0.0
berbera,20190805,10.44,45.01,5.255,33.53,8.06,10.48,43.91,0.0
berbera,20190806,10.44,45.01,5.0114,32.89,6.33,8.52,48.34,0.01
berbera,20190807,10.44,45.01,6.431,32.37,5.12,7.14,52.47,0.03
berbera,20190808,10.44,45.01,6.5405,32.83,5.36,7.43,50.81,0.01
berbera,20190809,10.44,45.01,6.0391,32.85,6.4,8.59,48.8,0.48
berbera,20190810,10.44,45.01,6.0902,32.39,8.91,11.23,47.4,0.02
berbera,20190811,10.44,45.01,6.7344,32.03,6.49,8.21,51.62,0.71
berbera,20190812,10.44,45.01,6.5854,31.77,6.84,8.67,54.29,0.27
berbera,20190813,10.44,45.01,6.4834,31.85,6.67,8.51,54.3,0.45
berbera,20190814,10.44,45.01,6.4147,32.09,6.04,7.89,52.52,0.1
berbera,20190815,10.44,45.01,6.103,32.58,6.57,8.5,49.45,0.07
berbera,20190816,10.44,45.01,5.7185,32.56,7.29,9.36,48.52,0.27
berbera,20190817,10.44,45.01,6.4301,32.48,7.53,9.6,49.99,0.28
berbera,20190818,10.44,45.01,6.3778,32.55,7.07,8.91,50.28,0.1
berbera,20190819,10.44,45.01,6.1632,32.42,5.42,7.09,49.22,0.12
berbera,20190820,10.44,45.01,6.6984,32.81,5.73,7.61,50.86,0.33
berbera,20190821,10.44,45.01,6.8477,32.95,6.85,8.77,48.75,0.06
berbera,20190822,10.44,45.01,6.2705,33.41,8.27,10.63,46.52,0.04
berbera,20190823,10.44,45.01,6.7826,32.89,6.31,8.27,50.21,0.08
berbera,20190824,10.44,45.01,6.6254,33.28,5.53,7.31,47.88,0.28
berbera,20190825,10.44,45.01,6.5642,33.45,6.36,8.25,48.43,0.37
berbera,20190826,10.44,45.01,6.2966,33.6,7.58,9.71,48.23,0.2
berbera,20190827,10.44,45.01,6.259,32.87,7.41,9.53,48.41,0.3
berbera,20190828,10.44,45.01,6.6588,32.64,6.1,8.05,50.46,0.35
berbera,20190829,10.44,45.01,6.4154,33.12,5.74,7.44,48.68,0.11
berbera,20190830,10.44,45.01,6.7258,32.93,5.75,7.6,49.12,0.06
berbera,20190831,10.44,45.01,6.9821,33.32,5.08,6.8,50.05,0.06
berbera,20190901,10.44,45.01,6.7778,33.55,5.03,6.57,50.41,0.5
berbera,20190902,10.44,45.01,6.5558,33.64,4.62,6.06,50.6,0.26
berbera,20190903,10.44,45.01,6.8434,33.33,5.5,7.31,52.07,0.04
berbera,20190904,10.44,45.01,6.9569,33.73,6.41,8.45,47.89,0.06
berbera,20190905,10.44,45.01,6.185,33.44,6.54,8.67,48.63,0.02
berbera,20190906,10.44,45.01,6.5544,33.21,6.3,8.35,49.73,0.04
berbera,20190907,10.44,45.01,6.5834,33.64,6.91,9.0,46.78,0.07
berbera,20190908,10.44,45.01,6.637,33.47,7.29,9.44,46.01,0.02
berbera,20190909,10.44,45.01,6.4862,33.08,6.43,8.5,47.51,0.01
berbera,20190910,10.44,45.01,6.7378,32.41,4.75,6.52,50.02,0.02
berbera,20190911,10.44,45.01,4.722,32.37,5.94,8.22,56.56,0.22
berbera,20190912,10.44,45.01,5.8646,32.65,5.16,7.04,54.53,0.14
berbera,20190913,10.44,45.01,5.8786,32.97,5.72,7.61,50.68,0.25
berbera,20190914,10.44,45.01,6.5119,32.91,4.82,6.46,51.31,0.08
berbera,20190915,10.44,45.01,6.1054,32.1,4.42,5.81,57.87,0.87
berbera,20190916,10.44,45.01,5.9326,32.63,4.6,5.8,54.62,1.42
berbera,20190917,10.44,45.01,6.631,32.36,5.21,6.51,54.36,0.04
berbera,20190918,10.44,45.01,6.6682,32.89,4.85,6.27,50.54,0.0
berbera,20190919,10.44,45.01,6.791,32.54,4.58,5.55,55.22,0.17
berbera,20190920,10.44,45.01,6.6043,32.33,3.73,4.41,57.82,0.43
berbera,20190921,10.44,45.01,6.2011,31.88,3.97,4.61,57.35,0.43
berbera,20190922,10.44,45.01,6.7022,32.11,4.83,5.76,54.94,0.06
berbera,20190923,10.44,45.01,6.8011,32.46,4.41,5.2,54.26,0.04
berbera,20190924,10.44,45.01,6.4526,32.51,3.9,4.54,55.66,0.13
berbera,20190925,10.44,45.01,6.7757,32.62,3.63,4.49,50.36,0.01
berbera,20190926,10.44,45.01,6.4486,33.25,4.39,5.56,47.68,0.29
berbera,20190927,10.44,45.01,5.4814,31.96,4.39,5.18,58.26,1.47
berbera,20190928,10.44,45.01,6.4054,30.99,3.84,4.36,64.94,20.57
berbera,20190929,10.44,45.01,5.4106,30.54,3.47,3.98,70.83,45.06
berbera,20190930,10.44,45.01,4.9862,29.95,2.5,2.78,74.59,80.6
berbera,20191001,10.44,45.01,5.0412,29.05,2.39,2.8,73.34,101.05
berbera,20191002,10.44,45.01,4.6582,28.75,2.88,3.29,76.77,45.22
berbera,20191003,10.44,45.01,6.5407,28.82,2.29,2.55,75.69,2.0
berbera,20191004,10.44,45.01,4.9399,29.09,2.19,2.43,72.47,2.98
berbera,20191005,10.44,45.01,6.0871,28.69,1.49,1.75,73.54,2.57
berbera,20191006,10.44,45.01,6.2465,29.35,2.6,3.12,71.44,1.44
berbera,20191007,10.44,45.01,6.4099,29.17,2.92,3.39,73.04,3.13
berbera,20191008,10.44,45.01,4.5619,28.08,2.65,2.98,82.08,2.29
berbera,20191009,10.44,45.01,4.4285,27.95,3.13,3.62,81.55,3.21
berbera,20191010,10.44,45.01,6.0149,27.7,3.52,4.03,82.51,3.29
berbera,20191011,10.44,45.01,6.0991,27.64,1.97,2.17,80.16,1.63
berbera,20191012,10.44,45.01,6.3816,27.87,2.33,2.59,78.41,0.32
berbera,20191013,10.44,45.01,6.2246,27.68,3.01,3.35,75.43,0.0
berbera,20191014,10.44,45.01,6.1514,27.51,1.66,1.74,75.99,0.01
berbera,20191015,10.44,45.01,6.4778,27.69,2.32,2.55,73.06,0.0
berbera,20191016,10.44,45.01,5.8706,27.49,2.45,2.7,77.53,0.02
berbera,20191017,10.44,45.01,6.2748,28.04,3.09,3.49,76.41,0.03
berbera,20191018,10.44,45.01,3.7202,27.46,2.95,3.43,81.38,8.44
berbera,20191019,10.44,45.01,4.9075,27.67,2.39,2.65,79.66,1.2
berbera,20191020,10.44,45.01,5.5906,27.39,2.04,2.2,78.85,0.6
berbera,20191021,10.44,45.01,6.4536,27.71,2.69,3.02,67.56,0.1
berbera,20191022,10.44,45.01,6.541,26.77,2.0,2.22,66.75,0.0
berbera,20191023,10.44,45.01,6.5042,26.63,1.59,1.73,65.84,0.0
berbera,20191024,10.44,45.01,6.5018,27.07,1.96,2.13,65.82,0.0
berbera,20191025,10.44,45.01,6.4001,26.98,1.91,2.04,68.43,0.0
berbera,20191026,10.44,45.01,6.5947,27.37,1.91,2.04,65.12,0.0
berbera,20191027,10.44,45.01,6.5818,27.65,2.36,2.65,64.7,0.0
berbera,20191028,10.44,45.01,6.6002,27.33,2.19,2.38,67.9,0.0
berbera,20191029,10.44,45.01,6.433,26.81,1.81,2.0,64.1,0.0
berbera,20191030,10.44,45.01,6.6761,27.19,1.79,2.01,60.07,0.0
berbera,20191031,10.44,45.01,6.7231,27.63,2.63,3.0,56.83,0.0
berbera,20191101,10.44,45.01,6.7118,28.44,2.05,2.32,47.96,0.0
berbera,20191102,10.44,45.01,6.1306,28.62,2.03,2.34,50.68,0.0
berbera,20191103,10.44,45.01,4.9481,28.23,3.43,4.02,69.72,0.01
berbera,20191104,10.44,45.01,4.9382,27.75,3.71,4.37,77.22,0.04
berbera,20191105,10.44,45.01,5.3988,27.3,4.26,4.91,79.27,0.02
berbera,20191106,10.44,45.01,4.7854,27.46,3.14,3.56,78.34,0.15
berbera,20191107,10.44,45.01,6.0084,27.62,2.83,3.2,75.46,0.0
berbera,20191108,10.44,45.01,6.1092,27.72,2.21,2.39,72.93,0.0
berbera,20191109,10.44,45.01,5.7941,27.48,3.34,3.78,72.99,0.0
berbera,20191110,10.44,45.01,6.2167,27.0,4.02,4.61,69.97,0.0
berbera,20191111,10.44,45.01,6.3746,26.6,3.97,4.54,73.06,0.0
berbera,20191112,10.44,45.01,6.241,26.55,4.22,4.83,72.55,0.0
berbera,20191113,10.44,45.01,6.049,26.64,4.21,4.83,73.38,0.0
berbera,20191114,10.44,45.01,5.5212,26.8,3.94,4.59,73.02,0.0
berbera,20191115,10.44,45.01,5.9662,26.81,4.08,4.71,73.37,0.0
berbera,20191116,10.44,45.01,6.1884,26.5,4.97,5.82,73.35,0.0
berbera,20191117,10.44,45.01,5.8634,26.74,4.89,5.66,73.04,0.0
berbera,20191118,10.44,45.01,5.8548,27.22,5.06,5.82,77.57,0.03
berbera,20191119,10.44,45.01,5.3393,27.71,3.96,4.51,78.57,0.08
berbera,20191120,10.44,45.01,5.1473,27.67,4.07,4.71,77.73,0.07
berbera,20191121,10.44,45.01,3.9278,27.87,4.92,5.83,76.41,0.3
berbera,20191122,10.44,45.01,4.1054,27.08,6.58,7.72,80.87,7.38
berbera,20191123,10.44,45.01,4.824,26.93,6.8,7.93,80.53,2.1
berbera,20191124,10.44,45.01,4.7966,26.7,6.12,7.11,81.81,2.09
berbera,20191125,10.44,45.01,5.0518,26.41,4.9,5.64,80.41,0.94
berbera,20191126,10.44,45.01,5.2145,26.3,4.45,5.17,77.08,0.39
berbera,20191127,10.44,45.01,4.4741,26.42,4.31,5.02,76.24,1.89
berbera,20191128,10.44,45.01,5.2404,26.07,4.59,5.35,73.0,0.45
berbera,20191129,10.44,45.01,5.3702,25.52,4.15,4.79,71.89,0.26
berbera,20191130,10.44,45.01,5.5913,24.8,3.59,4.11,76.29,0.49
berbera,20191201,10.44,45.01,5.9278,24.62,3.98,4.63,72.06,0.07
berbera,20191202,10.44,45.01,6.2174,24.66,3.74,4.34,72.52,0.0
berbera,20191203,10.44,45.01,5.9448,24.72,2.9,3.27,74.2,0.0
berbera,20191204,10.44,45.01,5.9359,25.03,3.34,3.78,73.64,0.0
berbera,20191205,10.44,45.01,5.3131,24.85,3.32,3.81,72.59,0.0
berbera,20191206,10.44,45.01,5.0184,25.18,2.96,3.43,78.15,0.0
berbera,20191207,10.44,45.01,2.1617,25.82,6.17,7.14,85.4,3.61
berbera,20191208,10.44,45.01,4.4748,26.56,4.74,5.5,83.1,2.97
berbera,20191209,10.44,45.01,4.4477,26.5,3.8,4.28,82.72,0.78
berbera,20191210,10.44,45.01,4.4719,26.39,5.03,5.78,82.44,0.83
berbera,20191211,10.44,45.01,4.7902,26.59,4.25,4.96,82.02,0.49
berbera,20191212,10.44,45.01,4.7928,26.63,3.27,3.8,80.97,0.38
berbera,20191213,10.44,45.01,5.3088,26.46,3.47,3.91,80.46,0.04
berbera,20191214,10.44,45.01,5.4876,26.01,3.46,3.94,78.05,0.01
berbera,20191215,10.44,45.01,5.5051,25.75,4.15,4.81,77.48,0.02
berbera,20191216,10.44,45.01,5.4871,25.37,4.35,5.04,76.4,0.01
berbera,20191217,10.44,45.01,5.4732,25.44,3.96,4.56,77.0,0.0
berbera,20191218,10.44,45.01,5.9335,25.01,3.51,4.08,73.6,0.0
berbera,20191219,10.44,45.01,5.0146,25.18,4.43,5.16,73.82,0.0
berbera,20191220,10.44,45.01,4.7652,25.3,5.14,6.04,76.27,0.0
berbera,20191221,10.44,45.01,5.3774,25.05,5.0,5.79,75.75,0.0
berbera,20191222,10.44,45.01,5.7478,24.64,4.6,5.36,71.51,0.0
berbera,20191223,10.44,45.01,5.7703,24.43,4.25,4.93,68.86,0.0
berbera,20191224,10.44,45.01,5.8807,24.36,4.53,5.31,71.42,0.0
berbera,20191225,10.44,45.01,5.725,24.28,4.0,4.59,72.28,0.0
berbera,20191226,10.44,45.01,5.4502,23.98,3.3,3.71,74.88,0.0
berbera,20191227,10.44,45.01,5.9318,23.89,2.45,2.7,70.39,0.65
berbera,20191228,10.44,45.01,6.1901,23.52,2.14,2.33,65.99,0.0
berbera,20191229,10.44,45.01,6.1524,23.98,2.37,2.61,65.84,0.01
berbera,20191230,10.44,45.01,4.1198,25.1,3.16,3.61,79.34,14.34
berbera,20191231,10.44,45.01,4.0008,25.18,3.41,3.97,85.52,47.7
berbera,20200101,10.44,45.01,5.2142,25.24,2.92,3.27,79.84,0.0
berbera,20200102,10.44,45.01,4.9142,25.42,3.79,4.38,79.6,0.0
berbera,20200103,10.44,45.01,5.4058,25.28,4.4,5.2,79.85,0.0
berbera,20200104,10.44,45.01,5.3923,24.58,3.84,4.44,76.49,0.0
berbera,20200105,10.44,45.01,5.9957,24.96,2.44,2.63,77.92,0.0
berbera,20200106,10.44,45.01,5.2051,25.27,1.96,2.06,77.52,0.0
berbera,20200107,10.44,45.01,5.0628,25.01,2.89,3.26,80.54,0.0
berbera,20200108,10.44,45.01,5.1048,25.15,3.52,4.13,77.8,0.0
berbera,20200109,10.44,45.01,5.5723,25.26,3.61,4.11,78.58,0.0
berbera,20200110,10.44,45.01,5.645,25.11,2.36,2.56,77.81,0.0
berbera,20200111,10.44,45.01,5.9023,25.16,2.93,3.36,78.69,0.06
berbera,20200112,10.44,45.01,3.847,24.83,5.57,6.43,77.17,0.29
berbera,20200113,10.44,45.01,3.7894,24.96,5.64,6.61,74.79,0.21
berbera,20200114,10.44,45.01,5.1,24.19,3.63,4.17,76.2,0.07
berbera,20200115,10.44,45.01,5.6165,23.6,4.86,5.62,73.69,0.03
berbera,20200116,10.44,45.01,6.1486,22.86,5.64,6.65,67.73,0.0
berbera,20200117,10.44,45.01,5.1415,22.95,4.96,5.83,70.8,0.0
berbera,20200118,10.44,45.01,4.1362,23.94,4.36,5.08,72.25,0.0
berbera,20200119,10.44,45.01,5.5987,23.57,3.12,3.42,75.2,0.0
berbera,20200120,10.44,45.01,6.3737,23.37,1.94,2.07,64.66,0.0
berbera,20200121,10.44,45.01,6.1651,23.35,2.74,3.04,71.57,0.0
berbera,20200122,10.44,45.01,6.3672,23.47,3.49,3.98,74.91,0.01
berbera,20200123,10.44,45.01,6.3382,23.93,2.73,3.0,73.98,0.03
berbera,20200124,10.44,45.01,5.1912,24.34,1.94,2.06,76.25,0.07
berbera,20200125,10.44,45.01,4.428,24.51,2.83,3.19,81.61,0.25
berbera,20200126,10.44,45.01,4.2706,24.8,4.19,4.79,82.63,0.17
berbera,20200127,10.44,45.01,4.5708,24.76,6.02,7.06,78.03,0.13
berbera,20200128,10.44,45.01,5.9597,24.31,6.33,7.44,68.8,0.0
berbera,20200129,10.44,45.01,6.1471,23.42,4.88,5.6,70.71,0.0
berbera,20200130,10.44,45.01,4.9757,23.23,4.07,4.61,73.98,0.01
berbera,20200131,10.44,45.01,5.6786,23.61,4.32,4.94,74.62,0.0
berbera,20200201,10.44,45.01,5.6491,23.76,3.36,3.78,75.88,0.0
berbera,20200202,10.44,45.01,5.9294,24.13,3.65,4.16,73.53,0.0
berbera,20200203,10.44,45.01,6.1138,24.05,4.03,4.63,75.1,0.0
berbera,20200204,10.44,45.01,5.3417,24.25,4.49,5.18,76.72,0.0
berbera,20200205,10.44,45.01,5.5171,24.52,4.38,5.04,76.81,0.0
berbera,20200206,10.44,45.01,5.7622,24.64,4.0,4.56,75.14,0.0
berbera,20200207,10.44,45.01,5.7077,24.54,3.62,4.08,74.8,0.0
berbera,20200208,10.44,45.01,6.6125,24.08,3.3,3.71,72.71,0.0
berbera,20200209,10.44,45.01,6.5083,23.99,2.61,2.85,74.24,0.0
berbera,20200210,10.44,45.01,6.3415,24.52,2.11,2.18,70.29,0.01
berbera,20200211,10.44,45.01,5.6647,24.99,3.13,3.49,78.99,0.22
berbera,20200212,10.44,45.01,5.4552,24.91,5.35,6.09,81.22,1.18
berbera,20200213,10.44,45.01,5.4614,24.49,7.29,8.56,76.67,0.37
berbera,20200214,10.44,45.01,6.4826,24.45,5.67,6.53,72.65,0.05
berbera,20200215,10.44,45.01,6.6103,24.52,4.8,5.48,72.97,0.0
berbera,20200216,10.44,45.01,6.3662,24.65,4.44,5.03,72.86,0.0
berbera,20200217,10.44,45.01,6.151,24.87,4.64,5.24,73.22,0.0
berbera,20200218,10.44,45.01,6.3698,24.87,4.04,4.48,76.59,0.0
berbera,20200219,10.44,45.01,6.0401,25.04,3.44,3.82,77.21,0.0
berbera,20200220,10.44,45.01,5.8819,25.36,2.7,2.79,76.08,0.0
berbera,20200221,10.44,45.01,6.1901,25.15,2.44,2.56,75.2,0.0
berbera,20200222,10.44,45.01,6.3406,25.23,3.99,4.5,76.41,0.01
berbera,20200223,10.44,45.01,6.3511,24.57,4.29,4.85,76.5,0.01
berbera,20200224,10.44,45.01,6.7822,24.86,4.77,5.38,74.25,0.0
berbera,20200225,10.44,45.01,5.9304,25.45,3.39,3.71,75.17,0.0
berbera,20200226,10.44,45.01,6.3744,24.81,2.72,2.91,73.48,0.0
berbera,20200227,10.44,45.01,6.169,24.67,2.06,2.21,68.55,0.0
berbera,20200228,10.44,45.01,6.5206,24.74,3.35,3.78,69.61,0.0
berbera,20200229,10.44,45.01,6.5866,24.99,3.39,3.72,70.05,0.0
berbera,20200301,10.44,45.01,6.197,25.18,2.57,2.77,68.7,0.0
berbera,20200302,10.44,45.01,6.1706,24.64,2.43,2.63,73.4,0.0
berbera,20200303,10.44,45.01,6.1404,25.23,2.95,3.21,72.68,0.0
berbera,20200304,10.44,45.01,5.9335,25.59,4.1,4.57,71.4,0.0
berbera,20200305,10.44,45.01,6.7488,25.38,2.94,3.15,73.36,0.0
berbera,20200306,10.44,45.01,6.7462,25.86,3.09,3.3,75.14,0.0
berbera,20200307,10.44,45.01,6.6444,26.3,3.13,3.31,76.22,0.02
berbera,20200308,10.44,45.01,6.3046,25.92,3.29,3.47,78.68,0.04
berbera,20200309,10.44,45.01,5.2001,26.01,4.27,4.71,77.47,0.02
berbera,20200310,10.44,45.01,6.2438,25.9,4.36,4.87,72.08,0.0
berbera,20200311,10.44,45.01,6.7135,25.77,4.77,5.42,67.51,0.0
berbera,20200312,10.44,45.01,7.117,25.3,5.44,6.12,71.41,1.39
berbera,20200313,10.44,45.01,6.8446,25.82,5.7,6.41,73.55,1.63
berbera,20200314,10.44,45.01,6.5069,25.84,4.72,5.19,78.11,4.53
berbera,20200315,10.44,45.01,5.9148,25.8,3.62,3.83,79.3,2.99
berbera,20200316,10.44,45.01,6.1872,26.15,3.43,3.65,81.01,2.6
berbera,20200317,10.44,45.01,6.0398,26.48,4.02,4.48,81.43,0.07
berbera,20200318,10.44,45.01,6.6864,27.15,4.43,4.94,79.13,0.2
berbera,20200319,10.44,45.01,6.8124,27.44,3.83,4.22,74.35,0.02
berbera,20200320,10.44,45.01,6.8561,27.47,3.23,3.42,77.52,0.21
berbera,20200321,10.44,45.01,6.7598,28.05,3.12,3.32,77.83,1.38
berbera,20200322,10.44,45.01,4.5631,27.24,2.17,2.25,81.28,3.92
berbera,20200323,10.44,45.01,6.0552,26.87,2.43,2.61,84.36,16.13
berbera,20200324,10.44,45.01,5.67,27.6,3.37,3.55,79.73,0.94
berbera,20200325,10.44,45.01,1.5948,27.22,2.97,3.25,82.31,8.43
berbera,20200326,10.44,45.01,6.5918,26.97,3.04,3.32,80.53,1.55
berbera,20200327,10.44,45.01,6.7344,27.14,4.25,4.79,78.53,0.03
berbera,20200328,10.44,45.01,6.6353,27.37,4.55,5.09,78.66,0.03
berbera,20200329,10.44,45.01,6.8496,27.79,3.28,3.6,77.03,0.02
berbera,20200330,10.44,45.01,6.9667,27.73,2.52,2.7,76.78,0.01
berbera,20200331,10.44,45.01,7.0282,27.98,3.41,3.79,76.81,0.01
berbera,20200401,10.44,45.01,6.6038,28.02,3.66,4.11,79.31,0.01
berbera,20200402,10.44,45.01,6.4642,28.06,3.87,4.28,79.73,0.02
berbera,20200403,10.44,45.01,6.8239,27.87,3.86,4.32,77.62,0.0
berbera,20200404,10.44,45.01,7.3013,27.9,3.93,4.44,72.68,0.0
berbera,20200405,10.44,45.01,7.2914,27.9,4.63,5.26,74.67,0.0
berbera,20200406,10.44,45.01,6.9396,27.78,3.8,4.24,74.45,0.0
berbera,20200407,10.44,45.01,7.4239,27.84,3.39,3.76,72.17,0.0
berbera,20200408,10.44,45.01,7.5626,28.17,3.67,4.06,70.27,0.0
berbera,20200409,10.44,45.01,7.3975,28.69,3.89,4.38,68.41,0.0
berbera,20200410,10.44,45.01,7.3517,28.73,3.5,3.75,71.08,0.0
berbera,20200411,10.44,45.01,7.0654,28.36,3.06,3.27,76.72,0.77
berbera,20200412,10.44,45.01,7.0246,28.35,3.21,3.43,76.81,1.63
berbera,20200413,10.44,45.01,6.8002,28.74,3.24,3.47,74.55,1.25
berbera,20200414,10.44,45.01,6.8242,28.58,3.23,3.43,77.89,4.43
berbera,20200415,10.44,45.01,5.6174,28.63,2.75,3.01,79.73,12.23
berbera,20200416,10.44,45.01,4.6061,28.35,2.73,2.96,79.45,1.3
berbera,20200417,10.44,45.01,6.3007,28.54,3.52,3.94,77.98,1.27
berbera,20200418,10.44,45.01,4.739,28.36,3.55,3.97,81.56,3.34
berbera,20200419,10.44,45.01,2.7922,27.49,2.56,2.78,84.17,4.4
berbera,20200420,10.44,45.01,6.6766,28.19,3.2,3.75,75.87,2.47
berbera,20200421,10.44,45.01,2.5502,27.08,4.71,5.34,88.28,50.79
berbera,20200422,10.44,45.01,6.1649,27.46,3.01,3.3,82.52,12.95
berbera,20200423,10.44,45.01,6.2808,27.98,2.59,2.79,79.86,2.0
berbera,20200424,10.44,45.01,5.6448,28.39,2.07,2.27,79.22,5.28
berbera,20200425,10.44,45.01,5.3633,28.84,2.83,3.21,77.7,2.18
berbera,20200426,10.44,45.01,7.1366,29.67,2.39,3.01,73.15,2.31
berbera,20200427,10.44,45.01,6.3749,30.09,2.97,3.75,70.6,1.07
berbera,20200428,10.44,45.01,6.7906,29.57,3.54,4.27,67.28,1.66
berbera,20200429,10.44,45.01,7.1472,30.04,2.71,3.29,70.65,3.59
berbera,20200430,10.44,45.01,5.101,29.65,2.91,3.84,75.59,8.6
berbera,20200501,10.44,45.01,6.9826,29.75,2.54,3.01,71.53,0.71
berbera,20200502,10.44,45.01,6.3732,30.0,2.99,3.53,72.99,0.81
berbera,20200503,10.44,45.01,7.0651,29.41,2.02,2.3,75.62,0.51
berbera,20200504,10.44,45.01,6.5789,29.93,2.64,2.99,74.76,0.43
berbera,20200505,10.44,45.01,6.8088,28.9,1.8,2.03,79.64,0.37
berbera,20200506,10.44,45.01,5.5774,28.97,2.69,2.95,78.56,4.44
berbera,20200507,10.44,45.01,5.5032,28.92,1.91,2.16,78.77,5.38
berbera,20200508,10.44,45.01,6.8472,29.04,1.87,2.15,79.33,5.4
berbera,20200509,10.44,45.01,7.2202,29.92,2.38,2.91,73.17,1.07
berbera,20200510,10.44,45.01,7.5014,30.01,3.04,3.6,70.95,0.4
berbera,20200511,10.44,45.01,7.355,30.3,3.06,3.63,67.24,0.0
berbera,20200512,10.44,45.01,7.4342,31.23,2.78,3.27,60.31,0.0
berbera,20200513,10.44,45.01,7.0495,31.73,2.71,3.36,59.85,0.0
berbera,20200514,10.44,45.01,5.6594,31.66,2.93,3.59,61.93,0.0
berbera,20200515,10.44,45.01,6.3314,31.98,4.35,5.31,63.1,0.0
berbera,20200516,10.44,45.01,6.774,32.21,4.75,5.81,63.25,0.31
berbera,20200517,10.44,45.01,6.7176,31.7,4.73,5.73,64.51,0.35
berbera,20200518,10.44,45.01,7.1921,31.69,4.3,5.14,62.14,0.13
berbera,20200519,10.44,45.01,7.2691,31.49,3.99,4.67,60.37,0.58
berbera,20200520,10.44,45.01,7.2818,32.03,5.05,6.2,55.19,0.04
berbera,20200521,10.44,45.01,7.0457,31.88,5.63,6.78,60.72,0.01
berbera,20200522,10.44,45.01,6.9235,32.28,5.13,6.37,58.05,0.02
berbera,20200523,10.44,45.01,7.1134,32.51,4.2,5.37,57.63,0.01
berbera,20200524,10.44,45.01,6.8431,32.49,4.59,5.5,55.33,0.01
berbera,20200525,10.44,45.01,6.8827,32.21,4.06,4.83,59.96,0.02
berbera,20200526,10.44,45.01,6.3948,31.66,3.42,3.89,62.48,0.05
berbera,20200527,10.44,45.01,6.9106,30.74,3.38,3.88,62.21,0.22
berbera,20200528,10.44,45.01,6.4634,32.32,4.46,5.46,60.4,0.01
berbera,20200529,10.44,45.01,6.7694,32.82,5.19,6.39,58.4,0.01
berbera,20200530,10.44,45.01,6.6631,32.81,5.93,7.48,58.87,0.02
berbera,20200531,10.44,45.01,5.8522,32.45,4.96,6.2,58.17,0.0
berbera,20200601,10.44,45.01,5.9376,30.7,6.68,8.0,67.3,0.0
berbera,20200602,10.44,45.01,5.8961,33.09,7.07,8.73,57.66,0.0
berbera,20200603,10.44,45.01,4.5233,32.44,5.57,6.78,57.81,0.0
berbera,20200604,10.44,45.01,5.8968,31.04,4.93,5.64,61.52,0.0
berbera,20200605,10.44,45.01,6.4435,31.22,5.17,5.99,59.76,0.14
berbera,20200606,10.44,45.01,7.0397,31.83,5.35,6.49,59.01,0.23
berbera,20200607,10.44,45.01,7.0841,32.53,6.01,7.38,57.13,0.06
berbera,20200608,10.44,45.01,6.9881,32.84,6.79,8.25,54.72,0.05
berbera,20200609,10.44,45.01,6.8203,32.63,6.22,7.6,55.78,0.05
berbera,20200610,10.44,45.01,6.6715,32.98,6.07,7.43,53.69,0.03
berbera,20200611,10.44,45.01,6.9847,32.95,7.31,9.01,53.44,0.04
berbera,20200612,10.44,45.01,5.939,32.59,8.0,9.89,51.6,0.04
berbera,20200613,10.44,45.01,6.7939,32.04,7.04,8.47,54.42,0.45
berbera,20200614,10.44,45.01,5.1984,32.11,6.92,8.53,53.54,0.21
berbera,20200615,10.44,45.01,5.6712,32.66,8.07,9.95,52.62,0.11
berbera,20200616,10.44,45.01,6.4061,32.68,7.82,9.71,52.29,0.05
berbera,20200617,10.44,45.01,6.5566,32.7,7.97,9.93,52.47,0.02
berbera,20200618,10.44,45.01,6.4949,32.6,8.77,10.75,48.64,0.0
berbera,20200619,10.44,45.01,6.9929,32.6,7.91,9.92,50.32,0.0
berbera,20200620,10.44,45.01,6.8789,32.31,7.09,9.11,51.84,0.02
berbera,20200621,10.44,45.01,6.3785,32.44,6.13,7.99,54.9,0.02
berbera,20200622,10.44,45.01,6.631,32.2,6.7,8.6,53.82,0.01
berbera,20200623,10.44,45.01,6.8011,32.65,6.18,7.73,50.73,0.01
berbera,20200624,10.44,45.01,6.7157,32.49,6.77,8.43,55.18,0.08
berbera,20200625,10.44,45.01,6.6797,33.12,7.61,9.6,52.15,0.02
berbera,20200626,10.44,45.01,6.6814,33.02,7.44,9.45,49.25,0.0
berbera,20200627,10.44,45.01,5.8277,33.01,8.73,10.91,49.12,0.03
berbera,20200628,10.44,45.01,5.4607,32.87,8.21,10.24,47.85,0.01
berbera,20200629,10.44,45.01,6.0487,33.25,7.99,10.21,49.57,0.01
berbera,20200630,10.44,45.01,6.8669,33.68,8.11,10.3,46.91,0.0
berbera,20200701,10.44,45.01,6.8467,33.09,10.09,12.38,50.03,0.0
berbera,20200702,10.44,45.01,6.6173,32.85,9.64,11.82,47.49,0.0
berbera,20200703,10.44,45.01,6.1807,32.08,8.9,10.87,50.35,0.0
berbera,20200704,10.44,45.01,4.8823,32.38,8.2,10.3,52.68,0.0
berbera,20200705,10.44,45.01,4.5295,30.23,8.24,9.87,57.79,0.0
berbera,20200706,10.44,45.01,5.928,31.74,8.12,10.13,52.78,0.0
berbera,20200707,10.44,45.01,6.725,32.45,8.71,10.95,49.97,0.0
berbera,20200708,10.44,45.01,6.2059,32.33,7.56,9.77,52.7,0.0
berbera,20200709,10.44,45.01,6.3893,33.01,6.88,8.92,48.08,0.0
berbera,20200710,10.44,45.01,6.1759,33.05,7.05,9.23,48.42,0.0
berbera,20200711,10.44,45.01,5.8358,33.05,8.51,10.91,48.52,0.0
berbera,20200712,10.44,45.01,6.8748,33.57,8.79,11.12,44.83,0.0
berbera,20200713,10.44,45.01,5.3556,33.23,9.22,11.53,48.22,0.02
berbera,20200714,10.44,45.01,6.3634,32.64,8.02,10.09,48.6,0.01
berbera,20200715,10.44,45.01,4.878,32.33,10.36,12.73,51.84,0.13
berbera,20200716,10.44,45.01,5.2116,31.76,10.97,13.51,48.34,0.01
berbera,20200717,10.44,45.01,4.2828,31.79,8.98,11.28,50.09,0.0
berbera,20200718,10.44,45.01,4.7395,32.09,9.17,11.52,48.12,0.01
berbera,20200719,10.44,45.01,6.5525,31.89,10.89,13.37,45.55,0.0
berbera,20200720,10.44,45.01,4.9853,32.01,8.43,10.71,51.39,0.07
berbera,20200721,10.44,45.01,5.4958,30.96,8.96,10.58,57.69,0.2
berbera,20200722,10.44,45.01,6.2995,32.26,11.03,13.72,49.32,0.01
berbera,20200723,10.44,45.01,6.7536,32.91,9.44,11.66,47.85,0.0
berbera,20200724,10.44,45.01,6.2254,32.27,6.81,8.47,52.12,0.02
berbera,20200725,10.44,45.01,6.2239,31.54,7.69,9.46,56.17,2.13
berbera,20200726,10.44,45.01,6.162,30.98,6.76,7.92,55.56,0.36
berbera,20200727,10.44,45.01,6.3012,31.59,6.97,8.39,55.21,1.99
berbera,20200728,10.44,45.01,6.0624,31.18,6.53,8.11,57.67,2.43
berbera,20200729,10.44,45.01,6.636,31.75,6.88,8.56,56.57,0.22
berbera,20200730,10.44,45.01,6.8273,31.65,6.95,8.31,60.67,0.18
berbera,20200731,10.44,45.01,4.9805,31.25,6.99,8.25,61.74,0.12
berbera,20200801,10.44,45.01,5.8812,31.42,7.52,9.21,57.17,0.05
berbera,20200802,10.44,45.01,6.5354,32.27,9.95,12.28,50.43,0.01
berbera,20200803,10.44,45.01,5.1,31.44,8.52,10.38,53.93,0.05
berbera,20200804,10.44,45.01,6.581,31.45,9.12,11.24,51.03,0.01
berbera,20200805,10.44,45.01,6.455,32.01,6.56,8.43,52.13,0.0
berbera,20200806,10.44,45.01,4.8701,31.42,7.18,9.04,59.59,0.41
berbera,20200807,10.44,45.01,6.2623,30.96,6.54,8.22,61.41,0.07
berbera,20200808,10.44,45.01,5.7658,30.89,6.76,8.47,58.09,0.03
berbera,20200809,10.44,45.01,6.6502,31.63,8.06,10.17,49.02,0.0
berbera,20200810,10.44,45.01,6.2105,31.29,6.65,8.52,57.56,0.08
berbera,20200811,10.44,45.01,4.722,31.42,7.36,9.53,60.78,0.09
berbera,20200812,10.44,45.01,5.1667,31.77,7.07,9.18,53.4,0.01
berbera,20200813,10.44,45.01,6.7764,32.11,5.94,7.86,51.87,0.01
berbera,20200814,10.44,45.01,4.411,31.92,6.24,8.32,55.89,0.42
berbera,20200815,10.44,45.01,4.841,31.81,7.95,10.22,55.09,0.24
berbera,20200816,10.44,45.01,6.083,32.31,7.02,8.89,51.82,0.0
berbera,20200817,10.44,45.01,7.044,32.93,5.75,7.61,50.77,0.01
berbera,20200818,10.44,45.01,6.6456,33.18,7.39,9.76,49.74,0.03
berbera,20200819,10.44,45.01,6.3934,33.05,7.99,10.1,49.16,0.0
berbera,20200820,10.44,45.01,7.0711,33.09,6.98,8.98,50.76,0.0
berbera,20200821,10.44,45.01,6.4068,33.26,5.97,7.7,51.45,0.01
berbera,20200822,10.44,45.01,6.1678,32.49,8.9,10.94,50.55,0.02
berbera,20200823,10.44,45.01,6.5443,33.15,8.34,10.42,46.75,0.0
berbera,20200824,10.44,45.01,6.3742,32.42,8.34,10.5,50.34,0.07
berbera,20200825,10.44,45.01,6.773,32.76,7.13,9.04,48.73,0.01
berbera,20200826,10.44,45.01,6.7094,32.8,5.21,7.03,50.61,0.03
berbera,20200827,10.44,45.01,6.5815,32.52,5.6,7.65,52.62,0.06
berbera,20200828,10.44,45.01,5.892,32.62,5.01,6.6,53.31,0.01
berbera,20200829,10.44,45.01,6.4018,32.17,4.74,6.32,53.67,0.05
berbera,20200830,10.44,45.01,6.9809,32.59,4.59,6.3,52.24,0.05
berbera,20200831,10.44,45.01,6.7658,32.97,6.15,8.18,52.14,0.07
berbera,20200901,10.44,45.01,6.4663,32.7,6.73,8.51,51.88,0.19
berbera,20200902,10.44,45.01,6.5525,32.78,6.32,7.93,49.96,0.03
berbera,20200903,10.44,45.01,6.977,31.94,4.66,5.63,52.21,0.04
berbera,20200904,10.44,45.01,6.6074,32.04,4.47,5.6,55.7,1.17
berbera,20200905,10.44,45.01,6.762,31.5,4.95,5.96,55.63,0.28
berbera,20200906,10.44,45.01,6.5981,31.64,4.73,5.78,56.14,0.48
berbera,20200907,10.44,45.01,6.756,32.13,5.49,6.68,55.0,0.98
berbera,20200908,10.44,45.01,6.1303,31.82,5.3,6.34,54.75,3.2
berbera,20200909,10.44,45.01,5.953,30.55,5.29,6.4,57.36,2.74
berbera,20200910,10.44,45.01,6.8422,31.55,6.0,7.25,57.02,0.24
berbera,20200911,10.44,45.01,6.7558,32.15,5.22,6.4,55.81,0.82
berbera,20200912,10.44,45.01,6.6547,32.2,3.98,4.7,57.09,1.51
berbera,20200913,10.44,45.01,6.2093,32.31,4.96,6.04,57.41,1.07
berbera,20200914,10.44,45.01,6.6996,32.56,4.95,6.06,53.27,0.32
berbera,20200915,10.44,45.01,6.9624,32.95,5.61,6.89,51.35,0.17
berbera,20200916,10.44,45.01,7.0272,33.11,5.43,6.72,50.88,0.16
berbera,20200917,10.44,45.01,6.5712,33.15,5.04,6.21,53.52,0.38
berbera,20200918,10.44,45.01,6.8647,32.7,4.56,5.39,53.96,0.07
berbera,20200919,10.44,45.01,6.7946,32.84,4.84,5.74,53.9,0.21
berbera,20200920,10.44,45.01,6.2971,33.01,6.3,7.68,52.26,0.17
berbera,20200921,10.44,45.01,6.827,33.08,5.53,6.83,51.65,0.14
berbera,20200922,10.44,45.01,6.6204,33.04,4.99,5.97,50.3,0.34
berbera,20200923,10.44,45.01,6.3295,33.01,6.76,8.22,52.09,0.03
berbera,20200924,10.44,45.01,6.2986,32.55,5.91,7.01,53.56,0.01
berbera,20200925,10.44,45.01,6.6314,32.36,4.74,5.56,55.44,0.01
berbera,20200926,10.44,45.01,6.6022,32.3,4.65,5.37,56.86,0.07
berbera,20200927,10.44,45.01,6.312,32.2,4.61,5.27,57.77,0.17
berbera,20200928,10.44,45.01,6.0274,31.85,3.42,3.69,62.33,0.63
berbera,20200929,10.44,45.01,5.8728,31.32,3.26,3.5,65.93,0.85
berbera,20200930,10.44,45.01,5.473,31.12,2.63,2.84,64.17,1.13
berbera,20201001,10.44,45.01,6.5347,30.79,3.48,3.78,63.04,0.84
berbera,20201002,10.44,45.01,5.814,30.11,3.65,3.96,66.36,0.39
berbera,20201003,10.44,45.01,5.993,29.27,3.92,4.34,66.48,0.13
berbera,20201004,10.44,45.01,7.0272,28.64,2.2,2.33,60.33,0.0
berbera,20201005,10.44,45.01,7.135,29.63,2.46,2.71,56.29,0.0
berbera,20201006,10.44,45.01,7.0745,30.62,2.75,3.13,46.99,0.0
berbera,20201007,10.44,45.01,6.7594,30.9,3.29,3.69,48.97,0.0
berbera,20201008,10.44,45.01,6.8825,30.03,3.05,3.28,59.63,0.0
berbera,20201009,10.44,45.01,6.7776,29.55,2.2,2.28,57.83,0.0
berbera,20201010,10.44,45.01,7.0224,29.53,3.07,3.31,57.34,0.0
berbera,20201011,10.44,45.01,6.9451,29.26,3.83,4.22,62.0,0.0
berbera,20201012,10.44,45.01,7.0886,29.55,3.13,3.44,61.82,0.0
berbera,20201013,10.44,45.01,6.7793,29.84,3.52,3.94,58.45,0.0
berbera,20201014,10.44,45.01,6.893,30.15,2.42,2.62,46.25,0.0
berbera,20201015,10.44,45.01,7.0452,30.45,2.73,3.05,45.09,0.0
berbera,20201016,10.44,45.01,6.9089,30.27,2.72,3.01,48.2,0.0
berbera,20201017,10.44,45.01,7.027,29.83,3.18,3.53,53.94,0.0
berbera,20201018,10.44,45.01,6.7661,29.56,2.86,3.16,54.62,0.0
berbera,20201019,10.44,45.01,6.8575,29.41,2.5,2.74,55.84,0.0
berbera,20201020,10.44,45.01,6.948,29.14,2.1,2.26,54.13,0.0
berbera,20201021,10.44,45.01,6.9994,29.43,2.51,2.75,50.04,0.0
berbera,20201022,10.44,45.01,6.8105,30.23,2.25,2.42,46.56,0.0
berbera,20201023,10.44,45.01,6.8028,29.8,2.85,3.13,57.09,0.0
berbera,20201024,10.44,45.01,6.7001,29.78,3.34,3.74,55.44,0.0
berbera,20201025,10.44,45.01,6.9238,28.95,4.29,4.87,53.74,0.0
berbera,20201026,10.44,45.01,6.9684,28.17,4.31,4.87,52.36,0.0
berbera,20201027,10.44,45.01,6.9274,27.51,4.13,4.64,56.99,0.0
berbera,20201028,10.44,45.01,6.7723,27.35,3.85,4.3,62.54,0.0
berbera,20201029,10.44,45.01,6.6523,27.6,3.62,3.92,68.5,0.05
berbera,20201030,10.44,45.01,6.4286,27.97,3.55,3.82,73.17,0.63
berbera,20201031,10.44,45.01,6.0758,27.89,4.09,4.55,69.28,0.21
berbera,20201101,10.44,45.01,6.335,27.16,5.13,5.82,66.33,0.01
berbera,20201102,10.44,45.01,6.4354,26.72,4.29,4.77,70.17,0.0
berbera,20201103,10.44,45.01,6.5107,26.6,4.71,5.26,69.19,0.0
berbera,20201104,10.44,45.01,6.252,26.43,3.59,3.97,64.9,0.0
berbera,20201105,10.44,45.01,6.593,26.3,3.52,3.92,58.59,0.0
berbera,20201106,10.44,45.01,6.5954,26.46,3.7,4.06,57.44,0.0
berbera,20201107,10.44,45.01,6.4951,26.2,3.83,4.22,67.34,0.0
berbera,20201108,10.44,45.01,6.5316,26.33,4.2,4.68,71.52,0.0
berbera,20201109,10.44,45.01,6.065,27.14,3.83,4.3,74.49,0.0
berbera,20201110,10.44,45.01,5.8217,27.0,3.84,4.29,73.84,0.0
berbera,20201111,10.44,45.01,6.2131,26.86,3.56,3.99,69.16,0.0
berbera,20201112,10.44,45.01,6.2335,26.36,3.54,3.98,69.09,0.0
berbera,20201113,10.44,45.01,6.2093,25.89,3.6,4.02,70.95,0.0
berbera,20201114,10.44,45.01,6.4639,25.81,3.26,3.67,70.85,0.0
berbera,20201115,10.44,45.01,6.151,26.14,3.95,4.5,68.86,0.0
berbera,20201116,10.44,45.01,6.4296,25.74,4.32,4.97,65.96,0.0
berbera,20201117,10.44,45.01,6.011,25.52,3.75,4.27,71.16,0.03
berbera,20201118,10.44,45.01,5.8901,25.91,3.68,4.23,70.71,0.02
berbera,20201119,10.44,45.01,5.8015,26.05,4.36,5.05,70.75,0.02
berbera,20201120,10.44,45.01,6.167,26.04,4.21,4.86,70.33,0.01
berbera,20201121,10.44,45.01,6.0816,25.62,4.05,4.66,72.92,0.02
berbera,20201122,10.44,45.01,6.0454,25.76,3.17,3.58,66.88,0.58
berbera,20201123,10.44,45.01,2.9484,24.79,2.44,2.62,74.86,0.57
berbera,20201124,10.44,45.01,2.46,25.86,3.8,4.19,79.52,5.17
berbera,20201125,10.44,45.01,3.5489,26.37,4.07,4.63,82.57,4.85
berbera,20201126,10.44,45.01,3.9756,26.63,4.82,5.35,77.93,1.2
berbera,20201127,10.44,45.01,5.2812,26.36,5.65,6.42,73.68,1.17
berbera,20201128,10.44,45.01,5.7211,25.52,4.4,5.03,73.25,0.76
berbera,20201129,10.44,45.01,6.0324,25.53,3.71,4.24,76.49,2.88
berbera,20201130,10.44,45.01,5.8404,25.48,3.67,4.19,75.19,0.76
berbera,20201201,10.44,45.01,6.0202,25.32,3.87,4.45,74.96,0.69
berbera,20201202,10.44,45.01,5.0388,25.84,3.77,4.27,77.75,0.0
berbera,20201203,10.44,45.01,4.2314,26.23,3.96,4.41,76.43,0.0
berbera,20201204,10.44,45.01,5.5802,26.42,3.72,4.04,76.82,0.0
berbera,20201205,10.44,45.01,5.5366,26.26,2.91,3.08,76.59,0.0
berbera,20201206,10.44,45.01,6.0809,25.97,2.44,2.59,76.28,0.0
berbera,20201207,10.44,45.01,5.904,25.56,2.23,2.36,75.02,0.0
berbera,20201208,10.44,45.01,6.0614,25.29,2.79,3.07,73.27,0.0
berbera,20201209,10.44,45.01,5.8584,24.97,3.06,3.43,72.46,0.0
berbera,20201210,10.44,45.01,5.8284,24.87,3.13,3.52,72.53,0.0
berbera,20201211,10.44,45.01,6.2275,24.85,3.82,4.35,63.19,0.0
berbera,20201212,10.44,45.01,6.0127,24.54,3.79,4.32,63.89,0.0
berbera,20201213,10.44,45.01,6.1248,24.34,3.86,4.42,64.81,0.0
berbera,20201214,10.44,45.01,6.1272,24.09,4.1,4.68,67.55,0.0
berbera,20201215,10.44,45.01,6.1145,23.9,4.49,5.18,64.59,0.0
berbera,20201216,10.44,45.01,5.4211,24.1,4.51,5.27,70.0,0.0
berbera,20201217,10.44,45.01,5.7953,24.48,3.88,4.44,66.13,0.02
berbera,20201218,10.44,45.01,2.7857,25.18,3.99,4.47,80.63,1.89
berbera,20201219,10.44,45.01,4.3877,25.79,5.56,6.3,81.8,0.94
berbera,20201220,10.44,45.01,4.699,25.73,5.4,6.21,76.88,0.09
berbera,20201221,10.44,45.01,5.5238,25.22,5.32,6.22,73.6,0.01
berbera,20201222,10.44,45.01,5.771,24.82,5.24,6.14,72.5,0.0
berbera,20201223,10.44,45.01,6.0586,24.68,4.28,4.92,68.97,0.0
berbera,20201224,10.44,45.01,5.9832,24.31,3.64,4.12,71.23,0.0
berbera,20201225,10.44,45.01,5.7206,24.15,4.13,4.71,73.01,0.0
berbera,20201226,10.44,45.01,5.969,24.0,5.69,6.68,71.54,0.0
berbera,20201227,10.44,45.01,5.8212,24.32,5.95,6.9,71.29,0.13
berbera,20201228,10.44,45.01,4.6025,24.66,6.02,6.85,75.53,0.48
berbera,20201229,10.44,45.01,4.1462,25.1,6.26,7.12,78.32,0.8
berbera,20201230,10.44,45.01,5.7818,24.58,5.69,6.56,73.75,0.17
berbera,20201231,10.44,45.01,5.5097,24.2,4.95,5.72,73.95,0.1
berbera,20210101,10.44,45.01,5.0758,23.99,4.72,5.42,76.08,1.51
berbera,20210102,10.44,45.01,4.885,23.91,4.41,5.03,77.0,0.97
berbera,20210103,10.44,45.01,5.7521,23.8,3.46,3.88,72.83,0.18
berbera,20210104,10.44,45.01,5.8798,23.8,3.23,3.6,74.12,0.09
berbera,20210105,10.44,45.01,5.3846,24.03,4.47,5.1,72.03,0.07
berbera,20210106,10.44,45.01,6.0938,23.55,4.41,5.06,69.45,0.0
berbera,20210107,10.44,45.01,6.1483,23.28,4.51,5.2,68.23,0.0
berbera,20210108,10.44,45.01,6.0955,23.3,4.97,5.84,67.77,0.0
berbera,20210109,10.44,45.01,5.8634,23.52,5.32,6.24,70.21,0.0
berbera,20210110,10.44,45.01,5.1348,23.56,5.88,6.9,72.26,0.0
berbera,20210111,10.44,45.01,5.7322,23.65,6.08,7.11,71.72,0.13
berbera,20210112,10.44,45.01,6.0259,23.19,5.69,6.65,70.08,0.06
berbera,20210113,10.44,45.01,6.1764,23.22,4.83,5.58,67.38,0.01
berbera,20210114,10.44,45.01,6.3554,23.22,4.21,4.82,68.87,0.01
berbera,20210115,10.44,45.01,6.1678,23.45,3.82,4.34,75.48,0.16
berbera,20210116,10.44,45.01,6.0763,23.61,3.28,3.64,74.42,0.06
berbera,20210117,10.44,45.01,5.9599,24.22,2.82,3.01,76.11,0.09
berbera,20210118,10.44,45.01,5.9155,23.79,2.44,2.59,73.56,0.04
berbera,20210119,10.44,45.01,6.2186,23.63,3.14,3.52,70.88,0.01
berbera,20210120,10.44,45.01,5.9309,23.69,3.62,4.04,68.66,0.02
berbera,20210121,10.44,45.01,5.8738,23.47,2.88,3.15,72.74,0.0
berbera,20210122,10.44,45.01,6.233,23.43,4.05,4.63,71.14,0.0
berbera,20210123,10.44,45.01,6.0881,24.02,5.39,6.09,72.19,0.0
berbera,20210124,10.44,45.01,5.989,23.85,5.62,6.54,70.27,0.0
berbera,20210125,10.44,45.01,5.5908,23.47,5.35,6.26,69.84,0.0
berbera,20210126,10.44,45.01,5.9294,23.11,4.57,5.27,72.32,0.0
berbera,20210127,10.44,45.01,6.2542,23.5,4.83,5.55,71.54,0.0
berbera,20210128,10.44,45.01,6.0785,23.66,4.46,5.03,75.52,0.0
berbera,20210129,10.44,45.01,6.2575,23.67,3.9,4.27,74.27,0.0
berbera,20210130,10.44,45.01,6.2815,23.44,3.31,3.5,74.49,0.0
berbera,20210131,10.44,45.01,6.4058,23.24,3.39,3.74,72.82,0.0
berbera,20210201,10.44,45.01,6.5892,23.24,4.42,5.06,73.15,0.0
berbera,20210202,10.44,45.01,6.7651,22.96,4.26,4.87,71.01,0.0
berbera,20210203,10.44,45.01,6.749,23.06,3.75,4.27,69.61,0.0
berbera,20210204,10.44,45.01,6.895,22.74,4.25,4.9,67.9,0.0
berbera,20210205,10.44,45.01,6.7438,23.39,4.55,5.04,71.29,0.1
berbera,20210206,10.44,45.01,5.8454,23.65,3.18,3.34,75.5,0.72
berbera,20210207,10.44,45.01,5.875,23.71,2.55,2.73,75.61,0.86
berbera,20210208,10.44,45.01,6.0017,24.18,4.37,4.97,78.2,0.87
berbera,20210209,10.44,45.01,5.8152,23.62,6.52,7.72,77.63,4.95
berbera,20210210,10.44,45.01,6.5419,23.64,4.31,4.98,72.78,0.0
berbera,20210211,10.44,45.01,6.5047,23.77,3.56,4.02,71.82,0.0
berbera,20210212,10.44,45.01,6.72,23.86,3.53,3.97,66.1,0.0
berbera,20210213,10.44,45.01,6.9014,23.75,3.55,4.01,68.66,0.0
berbera,20210214,10.44,45.01,6.7133,23.73,3.4,3.79,70.95,0.0
berbera,20210215,10.44,45.01,6.8266,23.69,3.57,3.95,70.53,0.01
berbera,20210216,10.44,45.01,6.9118,24.16,3.73,4.1,69.89,0.01
berbera,20210217,10.44,45.01,6.7692,25.12,4.07,4.49,70.25,0.06
berbera,20210218,10.44,45.01,5.4238,24.12,2.71,2.85,75.85,0.17
berbera,20210219,10.44,45.01,5.8378,24.1,2.61,2.85,74.24,0.23
berbera,20210220,10.44,45.01,5.7598,24.3,3.63,4.07,72.07,0.0
berbera,20210221,10.44,45.01,6.3036,24.07,3.96,4.46,71.46,0.0
berbera,20210222,10.44,45.01,6.1524,23.84,3.96,4.41,71.49,0.0
berbera,20210223,10.44,45.01,6.4706,24.13,3.5,3.83,74.96,0.0
berbera,20210224,10.44,45.01,7.0558,23.67,2.03,2.03,70.92,0.0
berbera,20210225,10.44,45.01,7.1002,23.91,2.02,2.05,67.11,0.0
berbera,20210226,10.44,45.01,7.0637,24.3,2.41,2.54,69.61,0.0
berbera,20210227,10.44,45.01,7.0999,24.49,3.65,4.01,74.34,0.0
berbera,20210228,10.44,45.01,6.3077,25.01,3.88,4.15,74.61,0.0
berbera,20210301,10.44,45.01,5.8234,25.53,3.95,4.35,77.23,0.0
berbera,20210302,10.44,45.01,6.5119,25.24,4.07,4.57,75.11,0.0
berbera,20210303,10.44,45.01,6.3355,25.17,4.09,4.53,74.65,0.0
berbera,20210304,10.44,45.01,6.5002,25.84,3.79,4.19,74.17,0.0
berbera,20210305,10.44,45.01,6.582,25.78,3.0,3.35,76.28,0.0
berbera,20210306,10.44,45.01,6.9814,24.65,2.94,3.24,70.25,0.0
berbera,20210307,10.44,45.01,7.2326,24.81,2.72,3.03,67.68,0.0
berbera,20210308,10.44,45.01,7.0507,25.45,3.9,4.26,69.56,0.0
berbera,20210309,10.44,45.01,6.9562,26.02,4.27,4.76,73.83,0.0
berbera,20210310,10.44,45.01,6.9554,26.38,4.57,5.05,73.43,0.0
berbera,20210311,10.44,45.01,6.8419,26.56,4.54,5.01,74.83,0.0
berbera,20210312,10.44,45.01,7.0193,26.86,4.52,5.04,70.39,0.0
berbera,20210313,10.44,45.01,7.1731,26.65,4.49,4.97,66.46,0.0
berbera,20210314,10.44,45.01,6.9101,26.55,4.7,5.24,70.97,0.0
berbera,20210315,10.44,45.01,7.0334,26.27,5.25,5.92,72.44,0.0
berbera,20210316,10.44,45.01,6.5347,26.48,5.1,5.71,73.43,0.0
berbera,20210317,10.44,45.01,6.887,26.66,4.61,5.17,73.88,0.29
berbera,20210318,10.44,45.01,6.9331,26.39,4.7,5.14,74.34,0.11
berbera,20210319,10.44,45.01,6.9202,26.05,4.15,4.46,75.63,0.18
berbera,20210320,10.44,45.01,7.2905,25.49,3.63,3.88,74.03,0.05
berbera,20210321,10.44,45.01,7.6277,24.92,2.78,3.01,66.35,0.01
berbera,20210322,10.44,45.01,7.427,25.8,2.81,3.18,63.98,0.0
berbera,20210323,10.44,45.01,7.4458,26.58,3.43,3.92,59.05,0.0
berbera,20210324,10.44,45.01,7.7045,26.9,3.31,3.81,52.96,0.0
berbera,20210325,10.44,45.01,7.7542,26.86,3.97,4.54,52.49,0.0
berbera,20210326,10.44,45.01,7.475,26.34,3.63,3.99,60.61,0.0
berbera,20210327,10.44,45.01,7.5216,26.07,3.25,3.52,67.98,0.0
berbera,20210328,10.44,45.01,7.3651,26.7,2.77,2.99,67.78,0.0
berbera,20210329,10.44,45.01,7.0826,27.81,3.05,3.34,63.96,0.0
berbera,20210330,10.44,45.01,7.5422,28.25,3.33,3.85,57.08,0.0
berbera,20210331,10.44,45.01,7.571,28.25,3.54,4.09,52.09,0.0
berbera,20210401,10.44,45.01,7.6944,28.07,3.18,3.53,55.5,0.0
berbera,20210402,10.44,45.01,7.6044,27.39,2.36,2.4,64.96,0.0
berbera,20210403,10.44,45.01,7.4822,27.34,2.66,2.76,61.55,0.0
berbera,20210404,10.44,45.01,7.6531,27.33,2.81,2.94,58.28,0.0
berbera,20210405,10.44,45.01,7.5552,28.05,3.69,4.13,58.39,0.0
berbera,20210406,10.44,45.01,7.7426,28.18,3.73,4.29,55.6,0.0
berbera,20210407,10.44,45.01,7.4854,27.84,3.17,3.63,55.66,0.0
berbera,20210408,10.44,45.01,7.1623,27.58,3.16,3.51,57.78,0.0
berbera,20210409,10.44,45.01,7.7196,28.18,3.99,4.52,57.38,0.0
berbera,20210410,10.44,45.01,7.6358,28.53,4.08,4.63,58.82,0.0
berbera,20210411,10.44,45.01,7.477,28.2,4.16,4.56,67.71,0.05
berbera,20210412,10.44,45.01,7.4782,27.87,3.89,4.27,71.46,0.16
berbera,20210413,10.44,45.01,7.363,27.9,3.46,3.74,69.3,0.12
berbera,20210414,10.44,45.01,7.4232,27.79,3.52,3.76,70.62,0.33
berbera,20210415,10.44,45.01,7.3723,28.11,3.55,3.81,70.43,0.36
berbera,20210416,10.44,45.01,7.1954,28.19,4.33,4.72,73.71,0.14
berbera,20210417,10.44,45.01,6.7034,28.14,4.36,4.78,75.4,0.48
berbera,20210418,10.44,45.01,5.8313,27.45,4.12,4.45,76.99,0.76
berbera,20210419,10.44,45.01,4.4988,27.47,3.79,4.12,78.91,0.8
berbera,20210420,10.44,45.01,6.3876,28.11,3.46,3.72,72.59,0.18
berbera,20210421,10.44,45.01,7.3574,29.26,3.88,4.32,66.3,0.02
berbera,20210422,10.44,45.01,6.8621,29.23,3.75,4.06,70.8,0.05
berbera,20210423,10.44,45.01,6.8623,29.54,3.58,4.07,69.69,0.13
berbera,20210424,10.44,45.01,6.3739,29.9,3.82,4.47,67.46,0.15
berbera,20210425,10.44,45.01,6.1697,30.16,3.0,3.8,66.78,0.2
berbera,20210426,10.44,45.01,4.1986,28.87,2.07,2.88,70.76,14.44
berbera,20210427,10.44,45.01,6.4774,29.16,3.21,3.7,67.93,0.89
berbera,20210428,10.44,45.01,3.9418,28.73,2.28,2.5,74.44,17.05
berbera,20210429,10.44,45.01,6.6533,28.0,2.12,2.36,76.37,5.39
berbera,20210430,10.44,45.01,3.2818,28.02,2.37,2.47,78.75,17.26
berbera,20210501,10.44,45.01,6.949,27.57,1.89,2.15,78.14,1.3
berbera,20210502,10.44,45.01,2.3376,26.3,1.96,2.07,80.57,9.82
berbera,20210503,10.44,45.01,6.2546,28.3,2.72,3.03,65.62,0.2
berbera,20210504,10.44,45.01,6.1817,29.89,2.44,2.86,65.99,0.26
berbera,20210505,10.44,45.01,5.3875,29.69,2.88,3.4,70.04,0.42
berbera,20210506,10.44,45.01,5.8694,29.54,2.65,3.0,70.9,1.7
berbera,20210507,10.44,45.01,5.9395,29.08,2.04,2.22,73.23,3.55
berbera,20210508,10.44,45.01,6.2827,29.11,1.28,1.45,70.86,0.76
berbera,20210509,10.44,45.01,5.9107,30.31,2.57,3.19,64.73,0.06
berbera,20210510,10.44,45.01,6.527,30.19,3.03,3.64,66.62,0.03
berbera,20210511,10.44,45.01,6.607,30.32,3.12,3.67,63.22,0.04
berbera,20210512,10.44,45.01,6.2278,30.79,3.58,4.33,62.06,0.05
berbera,20210513,10.44,45.01,6.9605,31.64,4.25,5.51,53.51,0.02
berbera,20210514,10.44,45.01,7.2322,32.31,4.82,6.31,50.02,0.01
berbera,20210515,10.44,45.01,7.2442,31.71,4.96,6.24,53.71,0.01
berbera,20210516,10.44,45.01,7.1148,31.89,5.04,6.39,53.98,0.02
berbera,20210517,10.44,45.01,7.003,32.64,4.0,5.05,47.98,0.01
berbera,20210518,10.44,45.01,7.0872,32.07,3.87,4.67,52.81,0.02
berbera,20210519,10.44,45.01,6.8186,32.78,4.7,6.23,54.39,0.03
berbera,20210520,10.44,45.01,6.707,32.59,4.02,5.09,53.81,0.02
berbera,20210521,10.44,45.01,7.2043,31.29,3.13,3.68,63.26,5.22
berbera,20210522,10.44,45.01,7.355,30.24,2.25,2.49,64.67,2.25
berbera,20210523,10.44,45.01,7.152,31.38,4.5,5.51,60.65,4.74
berbera,20210524,10.44,45.01,7.4359,31.15,5.09,6.02,60.85,1.94
berbera,20210525,10.44,45.01,7.3596,31.09,5.04,6.04,60.41,2.84
berbera,20210526,10.44,45.01,7.5478,31.21,5.1,6.03,59.59,1.82
berbera,20210527,10.44,45.01,6.3458,31.16,4.95,5.95,63.25,5.16
berbera,20210528,10.44,45.01,6.187,30.23,5.76,6.99,67.15,25.42
berbera,20210529,10.44,45.01,7.2336,30.79,6.07,7.37,61.78,1.7
berbera,20210530,10.44,45.01,7.3193,31.3,5.62,6.79,58.45,0.62
berbera,20210531,10.44,45.01,7.2958,31.57,5.62,6.6,58.24,0.0
berbera,20210601,10.44,45.01,7.1208,31.89,6.99,8.48,58.63,0.0
berbera,20210602,10.44,45.01,6.9403,31.98,7.15,8.82,56.44,0.0
berbera,20210603,10.44,45.01,6.4894,31.93,6.26,7.62,55.78,0.0
berbera,20210604,10.44,45.01,6.5726,31.72,5.5,6.64,57.47,0.01
berbera,20210605,10.44,45.01,6.7786,31.69,5.34,6.41,57.83,0.0
berbera,20210606,10.44,45.01,7.4436,32.04,6.01,7.27,57.93,0.0
berbera,20210607,10.44,45.01,7.2247,32.35,6.12,7.43,55.64,0.0
berbera,20210608,10.44,45.01,7.1618,32.96,7.82,9.62,52.36,0.0
berbera,20210609,10.44,45.01,6.3643,32.57,7.48,9.14,54.42,0.0
berbera,20210610,10.44,45.01,6.9943,33.02,7.27,8.92,53.07,0.11
berbera,20210611,10.44,45.01,6.9958,32.61,7.77,9.51,55.58,0.11
berbera,20210612,10.44,45.01,6.2549,32.48,8.56,10.53,52.68,0.03
berbera,20210613,10.44,45.01,6.2978,32.52,9.01,10.97,49.2,0.0
berbera,20210614,10.44,45.01,5.6309,32.12,8.06,9.82,51.12,0.0
berbera,20210615,10.44,45.01,5.231,32.11,6.52,8.05,53.19,0.0
berbera,20210616,10.44,45.01,4.8557,32.15,5.75,7.09,55.58,0.0
berbera,20210617,10.44,45.01,5.8123,32.2,6.43,8.15,52.25,0.0
berbera,20210618,10.44,45.01,5.8798,32.88,7.59,9.35,49.79,0.0
berbera,20210619,10.44,45.01,5.9503,32.73,9.97,12.29,50.45,0.01
berbera,20210620,10.44,45.01,6.5374,32.08,9.1,11.25,50.77,0.0
berbera,20210621,10.44,45.01,6.2388,31.97,8.52,10.51,48.98,0.0
berbera,20210622,10.44,45.01,6.4656,32.12,8.05,10.07,49.45,0.0
berbera,20210623,10.44,45.01,6.3422,31.85,9.09,11.61,52.06,0.01
berbera,20210624,10.44,45.01,5.556,32.36,8.07,10.09,49.72,0.25
berbera,20210625,10.44,45.01,5.4084,30.44,10.16,12.53,56.2,0.36
berbera,20210626,10.44,45.01,6.3254,31.93,8.22,10.25,50.18,0.0
berbera,20210627,10.44,45.01,6.7668,32.19,8.39,10.55,48.63,0.0
berbera,20210628,10.44,45.01,7.0831,32.26,7.65,9.61,48.22,0.0
berbera,20210629,10.44,45.01,7.111,32.19,8.3,10.37,48.84,0.0
berbera,20210630,10.44,45.01,7.0594,32.29,8.95,11.16,50.04,0.01
berbera,20210701,10.44,45.01,6.8906,32.42,6.62,8.35,49.57,0.06
berbera,20210702,10.44,45.01,6.4913,32.41,7.63,9.75,49.99,0.06
berbera,20210703,10.44,45.01,6.1154,32.59,9.03,11.26,46.83,0.02
berbera,20210704,10.44,45.01,6.8806,32.85,10.27,12.7,47.89,0.01
berbera,20210705,10.44,45.01,6.7783,32.3,8.21,10.22,49.14,0.0
berbera,20210706,10.44,45.01,6.6142,31.95,8.53,10.6,50.64,0.02
berbera,20210707,10.44,45.01,5.4929,32.23,10.22,12.56,47.63,0.03
berbera,20210708,10.44,45.01,6.0569,31.69,8.51,10.68,50.65,0.1
berbera,20210709,10.44,45.01,5.6201,31.73,10.42,13.02,49.69,0.08
berbera,20210710,10.44,45.01,5.381,31.58,10.21,12.74,51.13,0.89
berbera,20210711,10.44,45.01,6.7404,31.64,10.35,12.98,48.63,0.14
berbera,20210712,10.44,45.01,5.988,32.19,8.77,11.34,48.88,0.28
berbera,20210713,10.44,45.01,2.928,30.5,9.16,11.54,55.02,0.61
berbera,20210714,10.44,45.01,4.5134,30.4,9.09,11.5,58.54,3.99
berbera,20210715,10.44,45.01,2.4348,30.35,10.38,13.06,53.31,0.24
berbera,20210716,10.44,45.01,5.185,30.78,9.83,12.58,56.63,1.12
berbera,20210717,10.44,45.01,3.5026,29.82,9.19,11.62,56.82,2.28
berbera,20210718,10.44,45.01,5.881,31.01,11.38,14.17,49.84,0.0
berbera,20210719,10.44,45.01,6.4824,31.44,9.22,11.5,49.44,0.0
berbera,20210720,10.44,45.01,5.3585,30.6,9.44,11.94,54.75,2.0
berbera,20210721,10.44,45.01,5.0174,30.1,11.36,14.37,52.93,0.18
berbera,20210722,10.44,45.01,5.3594,31.27,8.33,11.03,54.5,0.17
berbera,20210723,10.44,45.01,5.0227,30.4,8.29,10.61,58.72,8.52
berbera,20210724,10.44,45.01,3.4507,29.1,10.99,13.53,57.76,0.42
berbera,20210725,10.44,45.01,3.253,29.66,12.01,14.94,53.04,0.06
berbera,20210726,10.44,45.01,4.2192,29.97,9.95,12.32,53.74,0.12
berbera,20210727,10.44,45.01,4.9145,30.49,9.96,12.57,52.44,0.03
berbera,20210728,10.44,45.01,5.9198,30.85,12.04,15.03,50.82,0.01
berbera,20210729,10.44,45.01,5.6268,30.72,12.08,15.21,51.49,0.01
berbera,20210730,10.44,45.01,5.767,30.5,12.85,15.99,51.6,0.21
berbera,20210731,10.44,45.01,6.0718,29.64,11.44,14.38,52.47,0.02
berbera,20210801,10.44,45.01,6.1277,31.06,8.43,10.79,50.11,0.0
berbera,20210802,10.44,45.01,5.9237,30.79,9.16,11.69,52.94,0.06
berbera,20210803,10.44,45.01,5.353,31.0,8.25,10.64,52.29,0.06
berbera,20210804,10.44,45.01,5.5373,31.26,7.63,9.94,52.33,0.49
berbera,20210805,10.44,45.01,6.1486,30.59,7.17,9.47,54.84,0.39
berbera,20210806,10.44,45.01,6.3146,31.15,7.12,9.35,52.67,0.05
berbera,20210807,10.44,45.01,6.7339,31.25,6.22,8.33,56.09,0.45
berbera,20210808,10.44,45.01,6.7402,31.11,5.52,7.64,58.78,1.18
berbera,20210809,10.44,45.01,6.8033,31.52,5.36,7.36,55.63,0.02
berbera,20210810,10.44,45.01,7.0654,31.9,5.65,7.48,53.98,0.02
berbera,20210811,10.44,45.01,6.9547,32.79,7.26,9.18,47.34,0.01
berbera,20210812,10.44,45.01,6.6509,31.59,6.26,7.9,52.87,0.03
berbera,20210813,10.44,45.01,7.0644,31.76,4.39,5.75,53.05,0.01
berbera,20210814,10.44,45.01,6.7517,32.58,6.71,8.59,50.32,0.0
berbera,20210815,10.44,45.01,5.6455,32.11,10.23,13.19,49.95,0.0
berbera,20210816,10.44,45.01,5.9045,32.35,7.47,9.56,51.08,0.0
berbera,20210817,10.44,45.01,5.8224,31.96,8.13,10.25,51.68,0.0
berbera,20210818,10.44,45.01,6.9821,32.34,6.81,8.82,48.38,0.0
berbera,20210819,10.44,45.01,6.9046,32.73,6.25,8.32,49.1,0.05
berbera,20210820,10.44,45.01,6.9761,33.01,6.37,8.45,45.71,0.0
berbera,20210821,10.44,45.01,5.8368,33.05,6.57,8.64,49.15,0.14
berbera,20210822,10.44,45.01,5.8411,32.43,8.86,11.59,52.2,0.22
berbera,20210823,10.44,45.01,6.5666,32.52,6.51,8.33,51.13,0.16
berbera,20210824,10.44,45.01,5.9256,31.66,5.37,6.52,51.31,0.07
berbera,20210825,10.44,45.01,7.2578,32.32,6.01,7.55,49.34,0.02
berbera,20210826,10.44,45.01,7.1261,32.51,5.78,7.23,46.34,0.0
berbera,20210827,10.44,45.01,7.1282,32.55,5.3,6.83,48.39,0.01
berbera,20210828,10.44,45.01,7.1148,32.5,4.61,6.08,50.18,0.02
berbera,20210829,10.44,45.01,6.9058,33.04,7.18,9.41,47.5,0.02
berbera,20210830,10.44,45.01,5.7226,33.17,6.87,9.07,46.95,0.07
berbera,20210831,10.44,45.01,6.2753,32.88,5.94,7.51,50.05,0.15
berbera,20210901,10.44,45.01,6.1207,32.41,6.32,8.07,51.92,0.22
berbera,20210902,10.44,45.01,6.69,32.18,5.05,6.12,54.08,0.01
berbera,20210903,10.44,45.01,6.5918,33.06,5.91,7.6,49.45,0.01
berbera,20210904,10.44,45.01,6.8186,33.61,6.45,8.2,47.25,0.01
berbera,20210905,10.44,45.01,6.0746,32.86,6.37,8.12,51.39,0.03
berbera,20210906,10.44,45.01,6.732,32.96,5.49,7.05,51.13,0.01
berbera,20210907,10.44,45.01,6.6461,32.9,4.95,6.27,52.84,0.02
berbera,20210908,10.44,45.01,6.5544,32.93,6.36,7.96,52.87,1.46
berbera,20210909,10.44,45.01,6.3096,32.76,7.29,9.01,50.02,0.13
berbera,20210910,10.44,45.01,4.2775,32.55,5.35,6.67,49.99,0.17
berbera,20210911,10.44,45.01,6.5918,33.06,6.22,7.87,49.6,0.1
berbera,20210912,10.44,45.01,6.8609,33.37,7.88,9.92,46.01,0.0
berbera,20210913,10.44,45.01,6.6907,32.87,7.0,8.94,52.43,0.35
berbera,20210914,10.44,45.01,6.3295,32.32,6.23,7.84,56.09,3.07
berbera,20210915,10.44,45.01,6.1238,31.99,6.52,8.22,59.25,2.08
berbera,20210916,10.44,45.01,6.4406,31.68,4.5,5.59,54.67,0.18
berbera,20210917,10.44,45.01,6.781,31.94,3.79,4.49,55.68,0.05
berbera,20210918,10.44,45.01,6.7452,32.04,3.89,4.81,53.75,0.01
berbera,20210919,10.44,45.01,6.7063,32.18,4.54,5.53,53.01,0.08
berbera,20210920,10.44,45.01,6.3919,32.1,3.71,4.49,56.24,0.51
berbera,20210921,10.44,45.01,6.4253,32.7,4.67,5.85,55.23,0.17
berbera,20210922,10.44,45.01,6.5923,32.16,4.75,5.85,53.88,0.1
berbera,20210923,10.44,45.01,6.089,32.39,4.52,5.59,54.35,0.48
berbera,20210924,10.44,45.01,5.8193,32.29,4.02,5.0,54.77,0.37
berbera,20210925,10.44,45.01,6.611,31.93,4.57,5.57,53.22,0.08
berbera,20210926,10.44,45.01,6.4262,31.94,3.63,4.13,53.62,0.03
berbera,20210927,10.44,45.01,6.9425,31.97,3.85,4.44,51.88,0.12
berbera,20210928,10.44,45.01,6.7951,32.51,3.6,4.43,50.32,0.0
berbera,20210929,10.44,45.01,5.6554,32.45,3.88,4.67,54.1,0.0
berbera,20210930,10.44,45.01,6.4656,32.9,4.26,5.11,53.26,0.01
berbera,20211001,10.44,45.01,6.552,32.76,4.56,5.49,53.7,0.02
berbera,20211002,10.44,45.01,5.8862,32.35,3.61,4.13,57.59,0.01
berbera,20211003,10.44,45.01,5.6386,31.74,2.64,2.87,59.33,0.06
berbera,20211004,10.44,45.01,6.3535,32.31,2.53,2.73,54.99,0.02
berbera,20211005,10.44,45.01,6.09,32.31,3.69,4.09,59.21,0.01
berbera,20211006,10.44,45.01,6.3799,32.18,3.07,3.53,59.47,0.0
berbera,20211007,10.44,45.01,6.0379,32.11,3.31,3.73,58.47,0.01
berbera,20211008,10.44,45.01,3.7368,30.68,2.39,2.56,66.41,5.34
berbera,20211009,10.44,45.01,4.4791,30.24,2.57,2.75,68.46,4.21
berbera,20211010,10.44,45.01,6.1591,30.08,2.18,2.28,67.41,2.12
berbera,20211011,10.44,45.01,6.4147,30.48,2.44,2.71,63.01,0.79
berbera,20211012,10.44,45.01,6.7013,31.08,3.58,4.18,56.59,0.44
berbera,20211013,10.44,45.01,6.7529,30.55,4.11,4.79,56.44,0.0
berbera,20211014,10.44,45.01,6.6696,29.26,3.18,3.51,65.57,0.0
berbera,20211015,10.44,45.01,5.8286,29.99,2.69,3.01,60.37,0.0
berbera,20211016,10.44,45.01,6.8755,30.67,2.93,3.23,53.84,0.0
berbera,20211017,10.44,45.01,6.7637,31.1,2.67,2.96,50.99,0.0
berbera,20211018,10.44,45.01,6.7476,30.59,2.62,2.91,58.07,0.0
berbera,20211019,10.44,45.01,6.7459,29.59,3.3,3.65,64.72,0.0
berbera,20211020,10.44,45.01,6.7942,28.99,3.01,3.31,64.5,0.0
berbera,20211021,10.44,45.01,6.707,29.11,2.64,2.89,61.13,0.0
berbera,20211022,10.44,45.01,6.636,29.06,3.87,4.37,63.49,0.0
berbera,20211023,10.44,45.01,6.4025,28.26,3.71,4.12,64.74,0.01
berbera,20211024,10.44,45.01,6.7982,28.03,3.25,3.56,61.75,0.0
berbera,20211025,10.44,45.01,6.6622,28.46,3.91,4.26,66.59,0.0
berbera,20211026,10.44,45.01,6.7051,28.4,3.95,4.34,68.91,0.01
berbera,20211027,10.44,45.01,6.7699,27.92,4.36,4.93,64.38,0.0
berbera,20211028,10.44,45.01,6.8474,27.55,3.38,3.77,57.42,0.0
berbera,20211029,10.44,45.01,6.6084,28.37,4.79,5.56,58.63,0.0
berbera,20211030,10.44,45.01,5.7377,27.84,5.86,6.62,69.26,0.07
berbera,20211031,10.44,45.01,5.8387,28.38,5.45,6.14,70.0,0.11
berbera,20211101,10.44,45.01,6.4742,27.67,4.97,5.64,63.26,0.01
berbera,20211102,10.44,45.01,6.3562,27.06,2.97,3.33,57.95,0.02
berbera,20211103,10.44,45.01,6.5455,27.11,3.27,3.62,62.2,0.0
berbera,20211104,10.44,45.01,6.5878,27.98,3.35,3.83,51.82,0.0
berbera,20211105,10.44,45.01,6.7058,28.83,3.48,3.95,50.19,0.0
berbera,20211106,10.44,45.01,6.5671,28.39,3.44,3.87,54.97,0.05
berbera,20211107,10.44,45.01,6.6557,28.05,3.64,4.11,57.32,0.0
berbera,20211108,10.44,45.01,6.4466,27.79,4.21,4.74,59.9,0.0
berbera,20211109,10.44,45.01,6.3036,27.5,4.31,4.9,65.81,0.0
berbera,20211110,10.44,45.01,5.9851,27.47,4.3,4.91,64.27,0.0
berbera,20211111,10.44,45.01,5.8922,27.31,4.28,4.89,65.55,0.0
berbera,20211112,10.44,45.01,5.7002,28.0,3.96,4.49,64.78,0.0
berbera,20211113,10.44,45.01,5.8454,27.44,4.77,5.46,64.23,0.0
berbera,20211114,10.44,45.01,6.2422,26.76,4.75,5.44,66.14,0.0
berbera,20211115,10.44,45.01,6.2736,26.86,3.31,3.64,65.64,0.0
berbera,20211116,10.44,45.01,6.317,27.06,3.36,3.71,65.15,0.0
berbera,20211117,10.44,45.01,6.3233,26.83,3.23,3.58,65.41,0.01
berbera,20211118,10.44,45.01,6.2129,27.03,3.27,3.66,62.62,0.0
berbera,20211119,10.44,45.01,6.3425,27.09,3.65,4.17,57.43,0.0
berbera,20211120,10.44,45.01,6.3324,26.95,3.7,4.19,59.46,0.0
berbera,20211121,10.44,45.01,6.1186,26.97,3.48,3.89,65.74,0.01
berbera,20211122,10.44,45.01,5.7938,26.79,3.73,4.24,69.66,0.0
berbera,20211123,10.44,45.01,6.0958,26.31,2.35,2.53,64.01,0.0
berbera,20211124,10.44,45.01,6.132,27.01,3.0,3.33,60.04,0.0
berbera,20211125,10.44,45.01,5.689,27.44,3.79,4.31,67.31,0.0
berbera,20211126,10.44,45.01,5.2447,27.6,4.59,5.18,74.81,0.0
berbera,20211127,10.44,45.01,5.3503,26.48,2.48,2.77,80.98,29.02
berbera,20211128,10.44,45.01,5.7122,26.56,2.14,2.4,74.25,1.95
berbera,20211129,10.44,45.01,5.9059,26.41,4.57,5.33,68.75,0.02
berbera,20211130,10.44,45.01,5.8272,25.97,3.0,3.39,67.61,0.19
berbera,20211201,10.44,45.01,6.1642,25.5,3.89,4.49,61.53,0.0
berbera,20211202,10.44,45.01,6.2148,25.06,4.24,4.93,62.75,0.0
berbera,20211203,10.44,45.01,6.005,25.0,3.71,4.18,66.75,0.0
berbera,20211204,10.44,45.01,5.6359,25.28,3.78,4.33,70.25,0.0
berbera,20211205,10.44,45.01,5.736,26.28,4.25,4.97,68.77,0.01
berbera,20211206,10.44,45.01,5.9342,26.14,4.0,4.68,66.35,0.0
berbera,20211207,10.44,45.01,5.8306,25.22,4.31,4.93,70.68,0.07
berbera,20211208,10.44,45.01,5.8918,24.51,3.81,4.34,70.48,0.11
berbera,20211209,10.44,45.01,6.0818,24.2,3.85,4.41,70.1,0.07
berbera,20211210,10.44,45.01,5.6047,24.7,4.71,5.55,70.09,0.1
berbera,20211211,10.44,45.01,3.967,25.11,5.68,6.67,74.62,1.08
berbera,20211212,10.44,45.01,5.1862,25.61,5.54,6.53,74.89,0.0
berbera,20211213,10.44,45.01,5.6592,25.16,5.22,6.09,72.06,0.0
berbera,20211214,10.44,45.01,5.7216,24.78,5.59,6.57,69.68,0.0
berbera,20211215,10.44,45.01,5.2997,25.42,5.33,6.18,69.75,0.0
berbera,20211216,10.44,45.01,5.1446,25.77,4.76,5.45,76.31,0.0
berbera,20211217,10.44,45.01,5.1259,25.87,5.72,6.53,78.36,0.6
berbera,20211218,10.44,45.01,5.1833,25.25,5.32,6.11,76.14,0.34
berbera,20211219,10.44,45.01,5.0683,25.21,4.99,5.71,75.99,0.23
berbera,20211220,10.44,45.01,5.6254,25.3,4.45,5.14,76.46,0.36
berbera,20211221,10.44,45.01,5.3234,24.91,3.61,4.03,75.16,0.95
berbera,20211222,10.44,45.01,5.2171,24.59,2.29,2.46,73.13,0.78
berbera,20211223,10.44,45.01,5.1298,24.3,2.61,2.85,70.76,0.39
berbera,20211224,10.44,45.01,5.7218,24.5,4.02,4.54,72.37,0.32
berbera,20211225,10.44,45.01,5.5735,24.25,3.33,3.71,76.56,0.35
berbera,20211226,10.44,45.01,4.5386,24.95,4.24,4.78,77.76,1.45
berbera,20211227,10.44,45.01,5.5018,25.04,4.76,5.45,79.39,8.17
berbera,20211228,10.44,45.01,5.6686,24.63,4.79,5.45,77.63,3.83
berbera,20211229,10.44,45.01,5.5906,24.52,4.44,5.07,77.49,2.04
berbera,20211230,10.44,45.01,5.1758,24.5,4.18,4.81,78.76,3.05
berbera,20211231,10.44,45.01,5.4874,24.93,4.25,4.88,77.07,5.07
berbera,20220101,10.44,45.01,5.4281,25.63,4.73,5.46,76.68,0.98
berbera,20220102,10.44,45.01,5.6453,25.95,4.01,4.6,70.18,0.59
berbera,20220103,10.44,45.01,5.7732,25.78,3.4,3.72,73.53,1.82
berbera,20220104,10.44,45.01,4.7897,25.82,1.94,2.04,79.22,4.89
berbera,20220105,10.44,45.01,5.2951,25.61,2.99,3.38,80.05,3.72
berbera,20220106,10.44,45.01,5.1802,25.58,5.37,6.16,79.88,1.07
berbera,20220107,10.44,45.01,4.9178,25.42,5.54,6.47,76.88,0.35
berbera,20220108,10.44,45.01,5.2836,24.95,4.66,5.37,74.36,0.06
berbera,20220109,10.44,45.01,5.8656,24.75,4.8,5.58,72.89,0.03
berbera,20220110,10.44,45.01,6.0382,24.34,4.74,5.52,73.54,0.05
berbera,20220111,10.44,45.01,5.6602,24.43,4.73,5.49,73.51,0.0
berbera,20220112,10.44,45.01,5.9066,24.32,4.31,5.0,73.59,0.0
berbera,20220113,10.44,45.01,6.131,24.23,3.99,4.57,73.97,0.0
berbera,20220114,10.44,45.01,6.0487,24.67,3.96,4.52,74.44,0.0
berbera,20220115,10.44,45.01,5.7446,25.24,3.4,3.78,73.44,0.0
berbera,20220116,10.44,45.01,6.0497,25.55,3.66,4.14,72.52,0.04
berbera,20220117,10.44,45.01,5.4612,25.05,3.68,4.07,75.75,0.15
berbera,20220118,10.44,45.01,5.0395,24.48,3.24,3.6,78.51,0.41
berbera,20220119,10.44,45.01,6.132,24.27,2.21,2.33,71.61,0.18
berbera,20220120,10.44,45.01,5.4948,24.5,1.69,1.74,70.09,0.06
berbera,20220121,10.44,45.01,5.4672,24.12,2.13,2.36,73.03,0.38
berbera,20220122,10.44,45.01,5.4482,24.67,3.73,4.28,75.5,0.42
berbera,20220123,10.44,45.01,5.6762,24.83,4.09,4.73,76.91,0.48
berbera,20220124,10.44,45.01,5.4319,24.26,3.52,3.96,74.54,0.08
berbera,20220125,10.44,45.01,5.8042,23.79,3.58,4.05,74.68,0.12
berbera,20220126,10.44,45.01,6.2064,23.39,4.07,4.68,71.66,0.01
berbera,20220127,10.44,45.01,6.275,23.33,3.06,3.38,69.07,0.01
berbera,20220128,10.44,45.01,5.6354,23.28,2.03,2.25,67.37,0.01
berbera,20220129,10.44,45.01,6.193,23.9,3.92,4.5,71.32,0.01
berbera,20220130,10.44,45.01,6.4925,23.71,4.08,4.68,69.36,0.01
berbera,20220131,10.44,45.01,5.6882,24.0,3.99,4.45,70.76,0.47
berbera,20220201,10.44,45.01,5.627,25.07,3.59,4.08,77.37,1.7
berbera,20220202,10.44,45.01,5.6184,25.3,3.38,3.83,76.91,0.96
berbera,20220203,10.44,45.01,6.505,24.55,3.7,4.18,71.78,0.32
berbera,20220204,10.44,45.01,6.637,24.49,2.49,2.76,66.7,0.04
berbera,20220205,10.44,45.01,6.744,24.52,2.21,2.34,60.33,0.0
berbera,20220206,10.44,45.01,5.3551,24.75,2.55,2.76,74.85,0.76
berbera,20220207,10.44,45.01,5.3717,24.86,3.89,4.41,76.84,3.4
berbera,20220208,10.44,45.01,6.421,24.68,5.1,5.97,75.01,2.73
berbera,20220209,10.44,45.01,6.0636,24.81,4.79,5.6,71.34,1.13
berbera,20220210,10.44,45.01,6.4385,24.94,4.16,4.83,70.44,0.0
berbera,20220211,10.44,45.01,6.5834,23.97,4.29,4.88,69.65,0.0
berbera,20220212,10.44,45.01,5.7206,23.61,3.22,3.57,72.23,0.0
berbera,20220213,10.44,45.01,6.7608,24.13,2.91,3.22,69.18,0.0
berbera,20220214,10.44,45.01,6.6936,24.81,4.66,5.4,70.0,0.0
berbera,20220215,10.44,45.01,6.4457,24.9,3.7,4.19,72.47,0.0
berbera,20220216,10.44,45.01,6.5316,24.61,3.41,3.76,70.69,0.0
berbera,20220217,10.44,45.01,6.8126,24.79,3.32,3.74,66.38,0.0
berbera,20220218,10.44,45.01,6.7939,24.75,4.26,4.87,71.34,0.0
berbera,20220219,10.44,45.01,6.5618,24.41,4.1,4.66,72.82,0.0
berbera,20220220,10.44,45.01,5.7756,24.02,2.88,3.13,71.32,0.0
berbera,20220221,10.44,45.01,5.8543,24.87,2.21,2.46,71.38,0.0
berbera,20220222,10.44,45.01,6.6338,25.04,3.72,4.25,69.6,0.0
berbera,20220223,10.44,45.01,6.3895,25.17,4.16,4.74,73.56,0.0
berbera,20220224,10.44,45.01,5.6815,25.69,4.37,4.83,74.4,0.0
berbera,20220225,10.44,45.01,6.2285,25.94,4.24,4.59,75.33,0.0
berbera,20220226,10.44,45.01,5.9657,26.05,3.35,3.57,77.17,0.0
berbera,20220227,10.44,45.01,5.9388,25.82,3.03,3.23,77.84,0.0
berbera,20220228,10.44,45.01,5.4094,25.88,4.17,4.54,77.51,0.0
berbera,20220301,10.44,45.01,6.157,25.65,4.78,5.41,74.67,0.0
berbera,20220302,10.44,45.01,6.6475,25.45,4.01,4.5,73.23,0.23
berbera,20220303,10.44,45.01,6.9098,25.24,4.18,4.79,70.99,0.01
berbera,20220304,10.44,45.01,6.8352,25.11,5.0,5.78,70.31,0.11
berbera,20220305,10.44,45.01,6.7754,25.23,4.4,4.96,73.01,0.73
berbera,20220306,10.44,45.01,6.6566,25.12,4.04,4.53,72.98,0.28
berbera,20220307,10.44,45.01,6.9437,25.62,4.83,5.48,69.31,0.0
berbera,20220308,10.44,45.01,6.9547,26.51,4.65,5.28,70.59,0.0
berbera,20220309,10.44,45.01,6.3384,26.15,4.39,4.89,70.95,0.0
berbera,20220310,10.44,45.01,6.6614,25.99,4.73,5.23,72.3,0.0
berbera,20220311,10.44,45.01,6.7193,25.97,4.26,4.65,73.8,0.0
berbera,20220312,10.44,45.01,6.713,25.78,4.51,4.94,75.4,0.15
berbera,20220313,10.44,45.01,6.4901,25.71,4.46,4.96,75.81,0.2
berbera,20220314,10.44,45.01,7.0942,25.52,3.58,3.99,73.72,0.12
berbera,20220315,10.44,45.01,6.9314,25.52,3.13,3.39,72.65,0.18
berbera,20220316,10.44,45.01,6.9967,25.74,2.82,3.0,70.11,0.08
berbera,20220317,10.44,45.01,6.9005,25.82,3.0,3.31,72.64,0.0
berbera,20220318,10.44,45.01,6.654,25.59,3.52,3.89,71.87,0.0
berbera,20220319,10.44,45.01,6.7051,25.96,2.77,2.99,67.74,0.0
berbera,20220320,10.44,45.01,6.7054,27.34,3.29,3.73,66.83,0.0
berbera,20220321,10.44,45.01,6.6533,27.9,3.27,3.8,62.02,0.0
berbera,20220322,10.44,45.01,6.5378,28.17,3.23,3.8,64.06,0.2
berbera,20220323,10.44,45.01,6.4282,27.72,3.09,3.26,73.76,0.55
berbera,20220324,10.44,45.01,5.7024,27.02,2.3,2.38,78.44,1.9
berbera,20220325,10.44,45.01,4.9248,26.86,2.31,2.45,79.95,2.53
berbera,20220326,10.44,45.01,5.9328,26.48,2.69,2.88,81.04,0.67
berbera,20220327,10.44,45.01,6.9708,26.44,2.29,2.51,64.36,0.0
berbera,20220328,10.44,45.01,7.3202,26.99,3.4,3.85,57.22,0.0
berbera,20220329,10.44,45.01,6.9643,27.18,4.22,4.81,59.96,0.0
berbera,20220330,10.44,45.01,6.9329,26.96,4.21,4.84,65.08,0.0
berbera,20220331,10.44,45.01,7.0572,27.1,3.59,3.89,68.11,0.0
berbera,20220401,10.44,45.01,6.9785,28.14,3.74,4.23,69.2,0.06
berbera,20220402,10.44,45.01,6.8724,28.84,3.61,4.26,65.15,0.05
berbera,20220403,10.44,45.01,7.1954,29.22,3.93,4.84,54.94,0.03
berbera,20220404,10.44,45.01,7.2062,29.63,3.74,4.62,51.98,0.04
berbera,20220405,10.44,45.01,7.4698,29.11,3.47,4.2,52.08,0.02
berbera,20220406,10.44,45.01,6.9859,28.37,4.03,4.69,59.75,0.01
berbera,20220407,10.44,45.01,6.7939,27.58,3.34,3.62,70.27,0.09
berbera,20220408,10.44,45.01,6.2712,27.74,3.52,3.83,72.76,0.1
berbera,20220409,10.44,45.01,6.559,28.67,3.59,4.0,70.36,0.26
berbera,20220410,10.44,45.01,7.1165,29.24,3.06,3.63,65.33,0.16
berbera,20220411,10.44,45.01,7.2636,29.63,3.94,4.83,59.06,0.52
berbera,20220412,10.44,45.01,6.96,30.08,4.18,5.26,55.47,0.16
berbera,20220413,10.44,45.01,6.8784,30.79,4.09,5.34,54.31,0.28
berbera,20220414,10.44,45.01,7.2288,30.39,3.51,4.34,57.08,0.24
berbera,20220415,10.44,45.01,6.9413,29.63,3.3,3.78,65.04,2.08
berbera,20220416,10.44,45.01,7.0848,29.04,2.7,2.96,70.93,0.99
berbera,20220417,10.44,45.01,6.7975,29.23,2.6,2.96,69.07,1.91
berbera,20220418,10.44,45.01,7.1659,29.62,2.85,3.4,70.53,4.99
berbera,20220419,10.44,45.01,6.959,28.99,3.26,3.73,79.2,15.21
berbera,20220420,10.44,45.01,7.0402,28.73,2.92,3.29,76.51,7.75
berbera,20220421,10.44,45.01,6.9775,29.42,2.82,3.48,70.42,0.29
berbera,20220422,10.44,45.01,6.9682,29.5,2.93,3.51,68.98,1.67
berbera,20220423,10.44,45.01,6.715,29.87,3.34,4.07,67.6,1.73
berbera,20220424,10.44,45.01,6.4714,30.45,3.55,4.4,65.56,2.31
berbera,20220425,10.44,45.01,5.5301,29.74,2.16,2.61,71.2,8.97
berbera,20220426,10.44,45.01,5.5507,29.19,2.22,2.76,72.36,0.32
berbera,20220427,10.44,45.01,6.4447,29.88,3.47,4.19,66.54,0.08
berbera,20220428,10.44,45.01,6.9864,30.61,3.49,4.42,64.38,0.01
berbera,20220429,10.44,45.01,6.875,30.42,3.23,4.03,65.93,0.02
berbera,20220430,10.44,45.01,5.9688,29.72,2.71,3.29,69.4,0.03
berbera,20220501,10.44,45.01,6.1003,29.7,2.32,2.56,68.26,0.1
berbera,20220502,10.44,45.01,6.7934,30.51,2.34,2.76,63.29,0.03
berbera,20220503,10.44,45.01,7.139,30.62,2.6,3.09,66.99,0.02
berbera,20220504,10.44,45.01,7.0788,30.13,2.13,2.41,65.43,0.02
berbera,20220505,10.44,45.01,7.2708,31.2,3.38,4.03,60.89,0.01
berbera,20220506,10.44,45.01,7.2235,31.11,2.67,3.23,61.33,0.0
berbera,20220507,10.44,45.01,7.0327,31.13,3.06,3.62,58.74,0.0
berbera,20220508,10.44,45.01,6.8004,30.31,2.47,2.7,63.45,0.0
berbera,20220509,10.44,45.01,6.8052,30.72,2.69,3.05,61.9,0.0
berbera,20220510,10.44,45.01,7.2146,30.84,3.49,4.11,57.59,0.0
berbera,20220511,10.44,45.01,7.3673,30.21,2.61,3.01,52.63,0.0
berbera,20220512,10.44,45.01,7.1882,31.25,2.85,3.4,44.81,0.0
berbera,20220513,10.44,45.01,6.8561,32.24,2.94,3.81,41.64,0.0
berbera,20220514,10.44,45.01,6.7399,32.26,3.67,4.86,40.66,0.0
berbera,20220515,10.44,45.01,6.5496,32.37,3.94,5.0,43.14,0.0
berbera,20220516,10.44,45.01,6.8345,32.2,5.84,7.32,51.85,0.01
berbera,20220517,10.44,45.01,6.8191,32.1,5.88,7.35,55.62,0.07
berbera,20220518,10.44,45.01,6.8143,31.77,5.19,6.33,55.81,0.14
berbera,20220519,10.44,45.01,6.8165,32.69,3.81,4.88,54.38,0.04
berbera,20220520,10.44,45.01,6.9418,32.74,4.2,5.23,52.94,0.13
berbera,20220521,10.44,45.01,6.9154,33.11,4.1,5.24,51.39,0.0
berbera,20220522,10.44,45.01,6.9034,33.49,4.17,5.47,48.8,0.0
berbera,20220523,10.44,45.01,6.2311,33.71,4.55,5.94,48.58,0.0
berbera,20220524,10.44,45.01,6.6413,33.12,5.35,6.9,53.99,0.0
berbera,20220525,10.44,45.01,6.8882,32.7,5.4,6.71,55.31,0.0
berbera,20220526,10.44,45.01,6.4301,32.48,4.36,5.24,58.04,0.0
berbera,20220527,10.44,45.01,6.6564,32.25,3.43,4.2,59.32,0.0
berbera,20220528,10.44,45.01,6.2995,32.55,4.04,4.87,57.31,0.01
berbera,20220529,10.44,45.01,6.6818,33.01,3.73,4.75,53.86,0.0
berbera,20220530,10.44,45.01,6.6982,33.32,5.39,6.81,50.0,0.0
berbera,20220531,10.44,45.01,6.7246,32.97,5.38,6.65,53.68,0.0
berbera,20220601,10.44,45.01,6.7891,33.62,4.74,6.13,49.31,0.0
berbera,20220602,10.44,45.01,6.8774,33.48,6.15,7.7,50.27,0.0
berbera,20220603,10.44,45.01,6.6122,33.26,7.81,9.74,50.29,0.0
berbera,20220604,10.44,45.01,6.6199,32.89,6.37,7.73,52.96,0.0
berbera,20220605,10.44,45.01,6.2498,32.99,5.42,6.8,48.18,0.01
berbera,20220606,10.44,45.01,6.7992,32.79,4.22,5.15,51.06,0.0
berbera,20220607,10.44,45.01,6.2834,32.92,6.42,7.86,51.48,0.02
berbera,20220608,10.44,45.01,6.78,32.52,6.91,8.41,54.32,0.05
berbera,20220609,10.44,45.01,7.1441,33.22,6.48,8.2,47.85,0.0
berbera,20220610,10.44,45.01,6.7644,32.76,5.36,6.6,50.69,0.27
berbera,20220611,10.44,45.01,7.0598,32.84,5.27,6.7,49.1,0.01
berbera,20220612,10.44,45.01,6.7944,34.0,6.93,8.74,43.22,0.0
berbera,20220613,10.44,45.01,6.4872,33.97,7.8,9.7,48.43,0.05
berbera,20220614,10.44,45.01,6.3847,33.75,7.92,9.87,47.93,0.06
berbera,20220615,10.44,45.01,7.0085,33.81,8.2,10.23,45.67,0.0
berbera,20220616,10.44,45.01,6.3653,33.24,6.94,8.73,49.26,0.0
berbera,20220617,10.44,45.01,6.5117,33.12,6.43,8.1,49.05,0.0
berbera,20220618,10.44,45.01,6.8062,34.01,7.95,9.89,44.0,0.0
berbera,20220619,10.44,45.01,6.6859,33.11,7.5,9.27,48.26,0.0
berbera,20220620,10.44,45.01,6.0377,33.21,7.18,9.22,47.23,0.0
berbera,20220621,10.44,45.01,5.4012,32.24,6.71,8.51,53.49,0.0
berbera,20220622,10.44,45.01,4.7417,32.71,7.17,9.18,48.99,0.0
berbera,20220623,10.44,45.01,6.5158,32.62,7.86,9.74,49.66,0.0
berbera,20220624,10.44,45.01,6.1325,32.57,8.12,9.99,47.71,0.0
berbera,20220625,10.44,45.01,6.7282,32.47,7.22,9.19,47.85,0.99
berbera,20220626,10.44,45.01,6.2818,32.45,6.54,8.57,52.1,0.11
berbera,20220627,10.44,45.01,5.6045,32.91,8.13,10.33,47.17,0.09
berbera,20220628,10.44,45.01,5.791,32.85,8.95,11.36,48.99,0.12
berbera,20220629,10.44,45.01,5.5721,32.9,9.06,11.74,48.28,0.06
berbera,20220630,10.44,45.01,5.2135,32.48,9.82,12.27,48.47,0.15
berbera,20220701,10.44,45.01,5.3837,31.99,9.54,11.9,49.78,0.16
berbera,20220702,10.44,45.01,5.25,32.29,8.23,10.69,49.75,0.01
berbera,20220703,10.44,45.01,6.0355,32.22,9.85,12.44,46.31,0.0
berbera,20220704,10.44,45.01,6.1762,32.01,8.83,11.31,48.44,0.02
berbera,20220705,10.44,45.01,5.8903,31.42,7.19,9.54,54.01,0.15
berbera,20220706,10.44,45.01,5.3023,32.17,8.09,10.67,48.41,0.0
berbera,20220707,10.44,45.01,4.8091,32.13,10.21,12.89,47.23,0.04
berbera,20220708,10.44,45.01,4.002,31.59,11.28,14.2,49.75,5.47
berbera,20220709,10.44,45.01,4.8281,30.57,10.2,12.97,54.6,1.39
berbera,20220710,10.44,45.01,4.3298,29.96,10.96,13.71,53.04,0.01
berbera,20220711,10.44,45.01,3.7313,29.21,10.72,13.28,55.68,0.01
berbera,20220712,10.44,45.01,5.999,30.67,8.8,11.33,52.69,0.0
berbera,20220713,10.44,45.01,6.715,30.69,7.87,10.14,53.61,0.0
berbera,20220714,10.44,45.01,5.4682,30.35,8.95,11.28,58.2,0.04
berbera,20220715,10.44,45.01,3.84,29.72,8.59,11.2,62.04,2.03
berbera,20220716,10.44,45.01,5.7137,31.68,11.11,14.18,50.26,0.04
berbera,20220717,10.44,45.01,5.521,31.34,10.44,13.43,49.27,0.01
berbera,20220718,10.44,45.01,6.0067,31.69,11.18,14.12,45.94,0.07
berbera,20220719,10.44,45.01,3.0295,30.62,8.32,10.72,53.11,0.94
berbera,20220720,10.44,45.01,3.9365,27.93,6.62,8.34,64.95,6.24
berbera,20220721,10.44,45.01,6.4946,30.38,9.45,11.87,50.11,0.15
berbera,20220722,10.44,45.01,6.5112,31.01,10.46,13.19,48.03,0.0
berbera,20220723,10.44,45.01,6.665,31.26,10.5,13.44,49.44,0.52
berbera,20220724,10.44,45.01,6.1723,30.69,10.17,12.97,50.62,0.01
berbera,20220725,10.44,45.01,6.6492,31.15,9.34,12.12,49.48,0.01
berbera,20220726,10.44,45.01,6.8489,31.39,8.27,10.54,49.34,0.01
berbera,20220727,10.44,45.01,5.6796,30.84,10.03,12.74,49.92,0.06
berbera,20220728,10.44,45.01,6.3888,31.8,7.08,9.02,49.3,0.04
berbera,20220729,10.44,45.01,5.8541,32.42,7.09,9.13,46.96,0.12
berbera,20220730,10.44,45.01,5.683,32.08,7.09,9.13,49.6,0.92
berbera,20220731,10.44,45.01,6.1966,32.08,8.53,10.85,49.78,0.84
berbera,20220801,10.44,45.01,6.775,31.42,10.53,13.53,52.18,0.14
berbera,20220802,10.44,45.01,6.4505,31.21,7.91,10.01,54.63,0.71
berbera,20220803,10.44,45.01,7.134,31.35,7.57,9.47,51.67,0.09
berbera,20220804,10.44,45.01,6.9379,31.63,7.61,9.48,50.76,0.1
berbera,20220805,10.44,45.01,6.5328,31.4,6.97,8.75,51.83,0.01
berbera,20220806,10.44,45.01,7.0306,31.56,8.47,10.82,50.51,2.2
berbera,20220807,10.44,45.01,6.4577,30.89,9.24,11.65,53.96,2.56
berbera,20220808,10.44,45.01,6.2326,30.85,8.59,10.55,53.98,0.18
berbera,20220809,10.44,45.01,4.9061,30.85,7.97,10.05,56.06,0.01
berbera,20220810,10.44,45.01,5.2169,30.8,9.3,11.71,53.35,0.0
berbera,20220811,10.44,45.01,5.2378,31.54,9.04,11.72,52.28,0.02
berbera,20220812,10.44,45.01,4.9795,31.12,9.09,11.53,52.96,0.02
berbera,20220813,10.44,45.01,5.833,31.52,8.92,11.28,51.02,0.0
berbera,20220814,10.44,45.01,5.5579,32.04,8.81,11.14,49.73,0.07
berbera,20220815,10.44,45.01,6.5033,32.23,7.07,9.15,51.74,0.87
berbera,20220816,10.44,45.01,5.082,31.77,6.45,8.41,56.38,0.1
berbera,20220817,10.44,45.01,6.5131,31.79,6.97,8.89,53.99,0.03
berbera,20220818,10.44,45.01,6.2731,31.68,7.62,9.74,51.21,0.01
berbera,20220819,10.44,45.01,6.7253,32.16,6.08,7.92,48.14,0.0
berbera,20220820,10.44,45.01,6.1877,32.15,8.13,10.44,51.91,0.33
berbera,20220821,10.44,45.01,6.4085,30.92,8.86,11.38,54.56,0.87
berbera,20220822,10.44,45.01,6.8842,31.52,7.96,10.25,52.78,0.01
berbera,20220823,10.44,45.01,6.4634,32.11,8.0,10.4,47.26,0.0
berbera,20220824,10.44,45.01,6.233,31.42,8.3,10.41,50.0,0.0
berbera,20220825,10.44,45.01,6.6869,31.51,6.69,8.64,51.74,0.03
berbera,20220826,10.44,45.01,6.6955,31.99,6.94,8.9,50.11,0.0
berbera,20220827,10.44,45.01,6.7063,32.05,7.53,9.54,48.74,0.01
berbera,20220828,10.44,45.01,6.1829,31.25,4.64,5.98,52.36,0.0
berbera,20220829,10.44,45.01,6.5194,31.57,4.27,5.75,53.11,0.01
berbera,20220830,10.44,45.01,6.4039,31.94,4.02,5.51,54.13,0.02
berbera,20220831,10.44,45.01,5.8536,32.34,6.02,7.82,52.16,0.03
berbera,20220901,10.44,45.01,6.8052,32.72,6.04,7.79,49.4,0.0
berbera,20220902,10.44,45.01,6.9343,31.58,6.0,7.11,53.45,0.0
berbera,20220903,10.44,45.01,6.912,31.71,5.74,6.94,54.64,0.05
berbera,20220904,10.44,45.01,6.8297,31.69,5.35,6.67,53.31,0.02
berbera,20220905,10.44,45.01,6.6878,32.51,4.79,6.47,52.31,0.01
berbera,20220906,10.44,45.01,6.4978,32.95,6.33,8.39,52.52,0.02
berbera,20220907,10.44,45.01,6.3588,33.32,7.5,9.71,48.14,0.02
berbera,20220908,10.44,45.01,6.4464,33.26,6.86,8.73,48.26,0.0
berbera,20220909,10.44,45.01,6.0178,31.25,8.9,10.74,53.87,0.04
berbera,20220910,10.44,45.01,6.1433,32.14,6.98,8.68,51.87,0.0
berbera,20220911,10.44,45.01,6.5666,32.46,6.28,7.89,51.06,0.0
berbera,20220912,10.44,45.01,6.3233,33.77,5.82,7.53,46.88,0.0
berbera,20220913,10.44,45.01,6.4901,33.63,5.26,6.94,48.8,0.01
berbera,20220914,10.44,45.01,5.9422,32.85,4.96,6.52,52.51,0.19
berbera,20220915,10.44,45.01,6.342,33.03,6.68,8.32,49.57,0.06
berbera,20220916,10.44,45.01,6.7078,32.6,5.78,7.17,52.24,0.04
berbera,20220917,10.44,45.01,6.6547,32.5,5.43,6.56,53.7,0.06
berbera,20220918,10.44,45.01,6.9886,33.18,4.42,5.59,52.82,0.02
berbera,20220919,10.44,45.01,6.8652,33.33,4.62,5.87,50.05,0.03
berbera,20220920,10.44,45.01,6.6511,33.28,4.65,5.69,50.88,0.06
berbera,20220921,10.44,45.01,6.8083,33.26,4.13,5.13,53.29,0.07
berbera,20220922,10.44,45.01,6.2218,33.17,4.12,4.91,54.69,0.21
berbera,20220923,10.44,45.01,6.1574,33.09,4.75,5.56,54.42,0.16
berbera,20220924,10.44,45.01,6.3586,32.31,3.49,3.97,57.49,0.17
berbera,20220925,10.44,45.01,6.522,32.16,3.07,3.39,54.91,0.06
berbera,20220926,10.44,45.01,6.168,32.59,3.74,4.27,53.23,0.08
berbera,20220927,10.44,45.01,6.3142,32.99,3.39,4.16,52.97,0.08
berbera,20220928,10.44,45.01,6.5388,33.07,3.57,4.23,55.25,0.26
berbera,20220929,10.44,45.01,5.8627,32.71,3.6,4.32,55.62,1.11
berbera,20220930,10.44,45.01,5.8567,31.9,4.56,5.13,55.95,0.52
berbera,20221001,10.44,45.01,6.3727,31.82,3.12,3.47,56.17,0.62
berbera,20221002,10.44,45.01,6.336,32.05,3.78,4.38,58.69,0.34
berbera,20221003,10.44,45.01,5.8075,31.87,3.27,3.75,59.03,0.64
berbera,20221004,10.44,45.01,6.1346,31.84,3.49,4.02,57.58,0.57
berbera,20221005,10.44,45.01,6.1922,31.9,3.35,3.78,56.31,1.18
berbera,20221006,10.44,45.01,6.275,31.94,3.46,3.93,56.04,0.29
berbera,20221007,10.44,45.01,6.4668,31.7,2.84,3.32,53.23,0.02
berbera,20221008,10.44,45.01,6.5182,32.15,3.34,3.79,53.73,0.0
berbera,20221009,10.44,45.01,6.3674,31.55,3.46,3.82,58.02,0.01
berbera,20221010,10.44,45.01,6.0694,30.43,3.21,3.42,64.27,0.02
berbera,20221011,10.44,45.01,6.4325,30.22,3.19,3.45,62.72,0.0
berbera,20221012,10.44,45.01,6.5724,30.12,3.14,3.49,59.55,0.0
berbera,20221013,10.44,45.01,6.9259,30.31,3.21,3.55,55.99,0.0
berbera,20221014,10.44,45.01,6.9502,29.77,3.68,4.13,57.11,0.0
berbera,20221015,10.44,45.01,6.7992,29.29,3.44,3.7,62.54,0.0
berbera,20221016,10.44,45.01,6.7411,28.7,3.91,4.27,68.43,0.0
berbera,20221017,10.44,45.01,6.4462,28.58,3.6,3.93,67.23,0.0
berbera,20221018,10.44,45.01,6.581,28.51,2.28,2.46,62.56,0.0
berbera,20221019,10.44,45.01,6.4622,29.09,3.07,3.33,64.55,0.02
berbera,20221020,10.44,45.01,6.5482,28.95,3.96,4.23,67.14,0.03
berbera,20221021,10.44,45.01,6.8189,28.24,3.93,4.29,66.67,0.0
berbera,20221022,10.44,45.01,6.1879,28.76,3.46,3.71,71.39,0.19
berbera,20221023,10.44,45.01,5.0626,28.45,5.19,5.8,75.91,3.6
berbera,20221024,10.44,45.01,5.9866,28.79,3.93,4.28,70.5,0.19
berbera,20221025,10.44,45.01,5.9791,28.81,4.33,4.8,67.3,0.02
berbera,20221026,10.44,45.01,6.5184,28.35,4.58,5.22,64.25,0.0
berbera,20221027,10.44,45.01,6.6319,27.86,3.97,4.27,70.46,0.06
berbera,20221028,10.44,45.01,6.1978,27.56,3.76,4.13,72.03,0.01
berbera,20221029,10.44,45.01,6.7025,27.34,2.93,3.18,64.44,0.0
berbera,20221030,10.44,45.01,6.6286,27.45,3.35,3.69,61.32,0.0
berbera,20221031,10.44,45.01,6.6221,26.92,3.34,3.6,67.87,0.0
berbera,20221101,10.44,45.01,6.1416,27.52,3.84,4.28,70.2,0.0
berbera,20221102,10.44,45.01,6.4006,27.62,4.12,4.57,68.35,0.0
berbera,20221103,10.44,45.01,6.1322,27.99,3.55,3.76,72.37,0.0
berbera,20221104,10.44,45.01,6.289,28.03,3.9,4.25,73.22,0.01
berbera,20221105,10.44,45.01,6.1639,27.58,4.2,4.7,72.2,0.0
berbera,20221106,10.44,45.01,6.3374,26.93,3.59,3.98,68.52,0.0
berbera,20221107,10.44,45.01,5.9532,27.64,3.53,3.84,72.92,0.17
berbera,20221108,10.44,45.01,5.8313,28.48,4.03,4.44,72.07,0.36
berbera,20221109,10.44,45.01,5.5699,28.73,5.32,5.93,73.95,0.58
berbera,20221110,10.44,45.01,5.3695,28.64,4.89,5.6,76.26,1.01
berbera,20221111,10.44,45.01,5.7185,28.07,5.42,6.04,72.66,0.4
berbera,20221112,10.44,45.01,6.1078,27.27,4.82,5.45,72.82,0.01
berbera,20221113,10.44,45.01,6.2878,26.72,4.23,4.78,68.4,0.01
berbera,20221114,10.44,45.01,6.2258,26.25,4.22,4.87,66.55,0.0
berbera,20221115,10.44,45.01,6.2582,25.45,3.69,4.15,67.83,0.0
berbera,20221116,10.44,45.01,6.0758,26.09,3.14,3.49,67.63,0.0
berbera,20221117,10.44,45.01,6.1649,26.39,3.98,4.51,71.27,0.44
berbera,20221118,10.44,45.01,6.4042,25.74,3.32,3.68,66.28,0.8
berbera,20221119,10.44,45.01,6.1906,25.94,3.1,3.41,70.38,0.21
berbera,20221120,10.44,45.01,5.2558,26.33,3.13,3.53,72.92,1.26
berbera,20221121,10.44,45.01,5.8682,26.1,4.0,4.6,68.03,0.58
berbera,20221122,10.44,45.01,5.9057,26.43,3.84,4.5,66.88,0.0
berbera,20221123,10.44,45.01,6.1027,26.39,4.18,4.88,68.53,0.01
berbera,20221124,10.44,45.01,5.8418,26.17,3.93,4.44,69.64,0.01
berbera,20221125,10.44,45.01,5.9179,26.05,4.25,4.75,73.81,0.01
berbera,20221126,10.44,45.01,5.9858,25.81,3.54,3.97,71.36,0.01
berbera,20221127,10.44,45.01,6.1858,25.44,2.81,3.13,73.75,0.02
berbera,20221128,10.44,45.01,5.9496,25.71,3.31,3.77,68.68,0.0
berbera,20221129,10.44,45.01,6.0722,25.98,3.52,4.07,69.45,0.0
berbera,20221130,10.44,45.01,6.0034,25.5,3.96,4.52,70.1,0.01
berbera,20221201,10.44,45.01,5.7883,25.99,3.69,4.12,75.5,0.07
berbera,20221202,10.44,45.01,5.8718,25.81,3.64,4.13,73.68,1.37
berbera,20221203,10.44,45.01,5.9789,25.61,3.43,3.86,71.78,0.21
berbera,20221204,10.44,45.01,5.8853,25.2,4.09,4.65,71.59,0.06
berbera,20221205,10.44,45.01,5.8992,24.97,4.43,5.14,69.75,0.19
berbera,20221206,10.44,45.01,5.993,25.12,4.28,4.93,70.46,0.12
berbera,20221207,10.44,45.01,6.0886,25.85,3.9,4.35,71.55,0.27
berbera,20221208,10.44,45.01,5.7761,26.03,2.69,2.89,76.08,0.35
berbera,20221209,10.44,45.01,5.815,25.93,2.45,2.72,74.39,0.04
berbera,20221210,10.44,45.01,5.9592,25.78,4.06,4.68,69.64,0.36
berbera,20221211,10.44,45.01,5.8349,25.29,5.08,5.94,69.0,0.27
berbera,20221212,10.44,45.01,5.8176,25.28,4.64,5.38,69.83,0.0
berbera,20221213,10.44,45.01,5.7485,25.45,3.97,4.56,71.21,0.0
berbera,20221214,10.44,45.01,5.873,25.12,4.45,5.16,70.55,0.0
berbera,20221215,10.44,45.01,5.8661,25.05,3.8,4.32,64.91,0.0
berbera,20221216,10.44,45.01,5.6698,25.02,3.52,4.02,70.65,0.0
berbera,20221217,10.44,45.01,5.6638,24.52,3.76,4.27,73.31,0.0
berbera,20221218,10.44,45.01,5.9208,24.34,4.34,4.99,69.62,0.0
berbera,20221219,10.44,45.01,6.0043,24.53,3.82,4.37,64.43,0.0
berbera,20221220,10.44,45.01,5.676,25.47,4.19,4.97,69.37,0.0
berbera,20221221,10.44,45.01,5.1374,25.45,4.91,5.56,76.25,0.0
berbera,20221222,10.44,45.01,5.1353,25.6,4.91,5.57,77.31,1.3
berbera,20221223,10.44,45.01,5.6729,25.61,4.63,5.22,76.54,0.98
berbera,20221224,10.44,45.01,5.3866,25.76,3.31,3.68,75.93,0.37
berbera,20221225,10.44,45.01,5.5202,25.75,3.15,3.53,75.94,0.37
berbera,20221226,10.44,45.01,5.4905,25.85,3.48,3.84,72.79,0.34
berbera,20221227,10.44,45.01,5.3698,26.31,3.44,3.72,74.41,0.0
berbera,20221228,10.44,45.01,5.622,25.3,3.26,3.69,76.37,0.0
berbera,20221229,10.44,45.01,5.215,25.73,5.99,6.94,73.81,0.0
berbera,20221230,10.44,45.01,4.8895,25.53,7.34,8.41,75.4,0.0
berbera,20221231,10.44,45.01,3.0108,25.85,7.92,9.12,78.43,0.0
berbera,20230101,10.44,45.01,3.7716,26.21,7.45,8.6,77.12,0.26
berbera,20230102,10.44,45.01,5.833,25.67,6.52,7.63,73.96,0.09
berbera,20230103,10.44,45.01,5.831,25.55,6.32,7.4,70.61,0.05
berbera,20230104,10.44,45.01,5.4408,24.96,4.8,5.53,73.0,0.04
berbera,20230105,10.44,45.01,5.6554,24.8,4.41,4.97,74.57,0.02
berbera,20230106,10.44,45.01,5.7641,24.99,4.23,4.7,75.52,0.0
berbera,20230107,10.44,45.01,5.3186,25.15,4.33,4.92,74.14,0.0
berbera,20230108,10.44,45.01,5.7338,25.1,4.7,5.54,70.32,0.0
berbera,20230109,10.44,45.01,5.7902,24.82,4.8,5.47,74.15,0.0
berbera,20230110,10.44,45.01,5.5968,24.75,4.03,4.55,73.13,0.0
berbera,20230111,10.44,45.01,5.6318,24.88,3.7,4.19,74.36,0.0
berbera,20230112,10.44,45.01,5.8114,24.56,4.63,5.43,73.66,0.0
berbera,20230113,10.44,45.01,5.4533,24.64,5.18,5.96,72.63,0.0
berbera,20230114,10.44,45.01,5.2337,25.32,5.6,6.5,74.01,0.0
berbera,20230115,10.44,45.01,5.6647,24.81,5.23,6.06,74.91,0.0
berbera,20230116,10.44,45.01,5.4718,24.2,3.71,4.18,75.38,0.0
berbera,20230117,10.44,45.01,5.7907,24.19,3.72,4.18,72.26,0.0
berbera,20230118,10.44,45.01,6.1594,24.03,2.71,2.99,73.16,0.0
berbera,20230119,10.44,45.01,5.7526,24.0,3.38,3.84,74.03,0.0
berbera,20230120,10.44,45.01,5.6587,24.65,5.09,5.97,73.49,0.0
berbera,20230121,10.44,45.01,5.7612,24.67,5.65,6.7,71.61,0.0
berbera,20230122,10.44,45.01,6.0012,24.29,5.58,6.54,68.96,0.0
berbera,20230123,10.44,45.01,5.4835,24.11,4.77,5.47,72.42,0.0
berbera,20230124,10.44,45.01,6.1027,24.07,4.09,4.62,70.92,0.0
berbera,20230125,10.44,45.01,5.513,24.78,4.02,4.59,72.33,0.0
berbera,20230126,10.44,45.01,5.3047,24.57,4.04,4.53,75.95,0.0
berbera,20230127,10.44,45.01,5.7811,24.97,4.53,5.06,74.41,0.0
berbera,20230128,10.44,45.01,5.113,24.95,5.17,5.84,76.08,0.0
berbera,20230129,10.44,45.01,5.9842,24.95,4.92,5.69,74.56,0.0
berbera,20230130,10.44,45.01,6.3595,24.72,5.61,6.42,68.64,0.0
berbera,20230131,10.44,45.01,6.5182,24.13,3.8,4.32,68.61,0.0
berbera,20230201,10.44,45.01,5.8901,24.68,3.86,4.34,71.81,0.0
berbera,20230202,10.44,45.01,6.1104,24.5,2.85,3.14,67.89,0.0
berbera,20230203,10.44,45.01,4.9315,24.32,2.45,2.59,71.36,0.0
berbera,20230204,10.44,45.01,6.0422,24.58,3.12,3.45,71.0,0.0
berbera,20230205,10.44,45.01,6.2434,23.79,3.41,3.81,69.72,0.0
berbera,20230206,10.44,45.01,6.6811,24.17,3.55,3.94,65.32,0.0
berbera,20230207,10.44,45.01,5.3282,25.14,3.07,3.22,69.86,0.0
berbera,20230208,10.44,45.01,6.0869,25.33,2.22,2.3,73.41,0.0
berbera,20230209,10.44,45.01,6.6204,25.04,2.09,2.17,72.0,0.0
berbera,20230210,10.44,45.01,6.7992,25.01,3.07,3.41,72.1,0.0
berbera,20230211,10.44,45.01,6.6905,25.19,4.91,5.63,68.83,0.0
berbera,20230212,10.44,45.01,6.3571,25.15,4.59,5.17,72.26,0.0
berbera,20230213,10.44,45.01,6.1735,25.31,4.68,5.31,68.61,0.0
berbera,20230214,10.44,45.01,6.4632,25.15,4.72,5.24,69.41,0.0
berbera,20230215,10.44,45.01,6.3686,25.15,4.62,5.13,73.89,0.0
berbera,20230216,10.44,45.01,5.753,25.07,3.37,3.75,77.0,0.0
berbera,20230217,10.44,45.01,6.2126,24.54,3.43,3.78,74.47,0.0
berbera,20230218,10.44,45.01,6.3506,24.1,3.59,4.01,67.36,0.0
berbera,20230219,10.44,45.01,6.8498,24.41,4.36,4.91,68.55,0.0
berbera,20230220,10.44,45.01,6.7406,24.74,4.24,4.81,69.66,0.0
berbera,20230221,10.44,45.01,5.9743,24.83,4.8,5.4,64.7,0.0
berbera,20230222,10.44,45.01,6.4286,24.67,4.47,4.98,71.1,0.0
berbera,20230223,10.44,45.01,6.3175,24.88,3.81,4.16,73.89,0.01
berbera,20230224,10.44,45.01,6.0701,25.73,4.2,4.62,74.16,0.01
berbera,20230225,10.44,45.01,6.1452,26.37,4.87,5.49,74.28,0.67
berbera,20230226,10.44,45.01,5.5222,26.3,4.64,5.2,76.56,1.8
berbera,20230227,10.44,45.01,5.957,25.41,4.42,4.82,75.77,1.95
berbera,20230228,10.44,45.01,6.3504,25.76,4.37,4.84,74.05,1.2
berbera,20230301,10.44,45.01,6.3338,26.38,4.96,5.62,73.55,0.67
berbera,20230302,10.44,45.01,6.2489,26.47,5.14,5.73,75.7,0.29
berbera,20230303,10.44,45.01,5.9822,26.33,5.51,6.16,76.16,1.03
berbera,20230304,10.44,45.01,6.193,25.75,4.96,5.49,75.85,0.76
berbera,20230305,10.44,45.01,6.3847,25.87,4.83,5.48,74.07,0.7
berbera,20230306,10.44,45.01,6.7958,25.93,4.37,5.04,72.86,0.21
berbera,20230307,10.44,45.01,6.887,26.26,4.3,4.87,72.06,0.0
berbera,20230308,10.44,45.01,6.6929,26.73,4.59,5.27,72.26,0.0
berbera,20230309,10.44,45.01,6.4956,26.85,4.68,5.19,72.53,0.0
berbera,20230310,10.44,45.01,5.6758,26.75,4.14,4.55,76.53,0.0
berbera,20230311,10.44,45.01,5.5651,26.78,4.86,5.36,77.7,0.0
berbera,20230312,10.44,45.01,5.7689,26.98,5.34,5.98,76.06,1.13
berbera,20230313,10.44,45.01,5.189,27.33,5.23,6.06,70.01,0.15
berbera,20230314,10.44,45.01,5.4502,27.19,4.17,4.77,73.39,0.03
berbera,20230315,10.44,45.01,6.5054,27.27,3.34,3.52,74.78,0.15
berbera,20230316,10.44,45.01,5.0028,26.9,2.96,3.16,77.39,3.51
berbera,20230317,10.44,45.01,4.7863,26.12,2.4,2.59,83.33,6.13
berbera,20230318,10.44,45.01,5.9705,27.8,2.92,3.52,77.41,2.02
berbera,20230319,10.44,45.01,2.9954,26.84,2.72,3.32,79.6,3.77
berbera,20230320,10.44,45.01,6.9974,27.92,2.43,3.17,68.15,4.08
berbera,20230321,10.44,45.01,6.8945,26.98,3.9,4.55,72.24,0.12
berbera,20230322,10.44,45.01,4.3325,27.47,3.61,4.33,66.49,0.76
berbera,20230323,10.44,45.01,6.4219,28.85,2.18,2.77,69.49,0.57
berbera,20230324,10.44,45.01,5.9962,28.27,2.25,2.55,75.63,1.48
berbera,20230325,10.44,45.01,6.091,28.21,3.0,3.55,76.83,1.14
berbera,20230326,10.44,45.01,5.5452,29.07,2.68,3.24,71.58,1.44
berbera,20230327,10.44,45.01,6.7632,29.67,2.92,3.57,70.09,1.11
berbera,20230328,10.44,45.01,5.7787,27.7,3.9,4.5,78.51,2.89
berbera,20230329,10.44,45.01,5.9208,27.82,2.77,3.06,70.88,1.49
berbera,20230330,10.44,45.01,7.0435,28.59,3.03,3.38,70.8,1.34
berbera,20230331,10.44,45.01,6.8462,28.76,2.75,3.02,74.54,1.87
berbera,20230401,10.44,45.01,5.1509,28.6,2.74,2.95,73.19,0.83
berbera,20230402,10.44,45.01,5.4384,28.18,1.95,2.08,75.88,1.54
berbera,20230403,10.44,45.01,5.3407,28.07,2.79,3.07,77.22,5.26
berbera,20230404,10.44,45.01,6.2825,28.75,4.21,4.84,75.83,2.54
berbera,20230405,10.44,45.01,6.4757,28.48,3.27,3.73,74.01,0.9
berbera,20230406,10.44,45.01,6.8258,28.63,3.72,4.1,71.32,0.14
berbera,20230407,10.44,45.01,6.3787,29.09,3.7,4.28,70.49,0.3
berbera,20230408,10.44,45.01,6.725,28.93,4.05,4.81,70.66,0.25
berbera,20230409,10.44,45.01,6.8081,28.92,3.91,4.68,67.57,0.08
berbera,20230410,10.44,45.01,6.6562,28.78,3.9,4.64,71.49,0.5
berbera,20230411,10.44,45.01,7.1117,29.14,4.6,5.6,68.41,0.08
berbera,20230412,10.44,45.01,6.93,28.96,4.65,5.56,68.76,0.14
berbera,20230413,10.44,45.01,6.007,28.87,3.69,4.5,72.18,0.91
berbera,20230414,10.44,45.01,6.4176,28.71,2.43,2.94,73.61,0.89
berbera,20230415,10.44,45.01,6.3689,28.7,3.6,4.37,76.22,5.03
berbera,20230416,10.44,45.01,7.2396,28.99,3.58,4.21,71.65,2.54
berbera,20230417,10.44,45.01,7.0747,29.28,3.95,4.66,68.66,0.95
berbera,20230418,10.44,45.01,6.7111,30.05,4.47,5.49,61.35,0.23
berbera,20230419,10.44,45.01,7.0356,29.57,3.9,4.45,64.48,0.43
berbera,20230420,10.44,45.01,7.2934,29.59,3.85,4.26,66.97,0.71
berbera,20230421,10.44,45.01,7.099,30.03,4.03,4.61,66.38,0.89
berbera,20230422,10.44,45.01,6.1558,29.73,3.74,4.21,69.01,3.42
berbera,20230423,10.44,45.01,6.4915,29.3,3.29,3.63,72.07,3.88
berbera,20230424,10.44,45.01,6.4723,30.45,3.08,3.58,66.23,2.06
berbera,20230425,10.44,45.01,6.5186,31.28,2.72,3.39,63.71,1.89
berbera,20230426,10.44,45.01,6.6804,31.19,3.61,4.47,62.94,0.92
berbera,20230427,10.44,45.01,5.91,30.27,3.14,3.65,68.11,33.52
berbera,20230428,10.44,45.01,4.4342,28.63,4.47,5.6,73.07,14.51
berbera,20230429,10.44,45.01,6.853,29.95,3.78,4.42,65.02,0.53
berbera,20230430,10.44,45.01,4.7791,29.41,2.57,3.14,69.32,2.84
berbera,20230501,10.44,45.01,6.4051,29.72,2.97,3.94,70.08,5.57
berbera,20230502,10.44,45.01,5.183,30.51,3.95,5.29,70.54,4.43
berbera,20230503,10.44,45.01,5.3316,29.61,3.37,4.34,70.86,8.08
berbera,20230504,10.44,45.01,6.0199,30.28,3.13,3.81,69.11,4.84
berbera,20230505,10.44,45.01,5.7334,29.51,2.88,3.56,76.11,44.43
berbera,20230506,10.44,45.01,5.4146,30.19,2.96,3.6,72.72,0.16
berbera,20230507,10.44,45.01,6.3043,30.47,2.48,2.98,71.86,0.06
berbera,20230508,10.44,45.01,5.6947,30.15,1.69,1.91,71.79,0.17
berbera,20230509,10.44,45.01,6.7366,30.25,2.68,3.32,69.73,0.0
berbera,20230510,10.44,45.01,6.5342,30.25,3.57,4.25,69.87,0.03
berbera,20230511,10.44,45.01,6.558,29.94,3.85,4.42,70.58,0.09
berbera,20230512,10.44,45.01,6.7836,30.14,3.04,3.52,71.18,0.03
berbera,20230513,10.44,45.01,6.7961,30.48,2.21,2.54,68.56,0.01
berbera,20230514,10.44,45.01,6.8808,31.12,2.65,3.21,63.75,0.01
berbera,20230515,10.44,45.01,6.9384,31.7,4.26,5.14,65.61,0.02
berbera,20230516,10.44,45.01,7.1719,32.51,5.39,6.75,59.53,0.0
berbera,20230517,10.44,45.01,7.1599,31.86,5.09,6.13,64.81,0.0
berbera,20230518,10.44,45.01,7.1832,31.89,4.44,5.52,62.38,0.0
berbera,20230519,10.44,45.01,7.0234,31.68,3.96,4.9,62.04,0.0
berbera,20230520,10.44,45.01,7.074,31.65,3.44,4.19,61.06,0.0
berbera,20230521,10.44,45.01,5.3842,31.43,3.01,3.47,64.99,0.55
berbera,20230522,10.44,45.01,5.8373,31.32,2.89,3.52,67.83,0.89
berbera,20230523,10.44,45.01,5.1734,30.72,4.05,4.82,65.12,0.86
berbera,20230524,10.44,45.01,6.4572,30.81,3.38,4.15,66.12,1.88
berbera,20230525,10.44,45.01,6.0806,31.21,4.74,5.7,63.1,0.56
berbera,20230526,10.44,45.01,6.3962,31.46,4.09,4.99,63.02,0.25
berbera,20230527,10.44,45.01,6.7594,31.5,4.77,5.91,62.42,0.2
berbera,20230528,10.44,45.01,7.1321,31.68,4.92,5.94,60.39,0.1
berbera,20230529,10.44,45.01,7.1304,31.77,4.91,6.14,59.5,0.26
berbera,20230530,10.44,45.01,4.2446,31.44,5.04,6.13,64.53,0.18
berbera,20230531,10.44,45.01,6.8947,31.24,5.28,6.74,63.07,0.01
berbera,20230601,10.44,45.01,6.5969,31.35,4.18,4.95,60.97,0.05
berbera,20230602,10.44,45.01,6.4778,31.68,4.11,4.81,60.03,0.0
berbera,20230603,10.44,45.01,6.9257,31.91,3.97,4.68,63.92,0.0
berbera,20230604,10.44,45.01,6.8148,32.05,3.74,4.48,61.09,0.0
berbera,20230605,10.44,45.01,6.1733,32.83,5.1,6.33,58.73,0.05
berbera,20230606,10.44,45.01,6.636,33.1,6.17,7.57,58.52,0.12
berbera,20230607,10.44,45.01,6.3842,32.47,5.44,6.51,57.91,0.01
berbera,20230608,10.44,45.01,6.1807,32.99,5.22,6.36,58.07,0.08
berbera,20230609,10.44,45.01,6.5285,32.49,5.39,6.37,57.89,0.04
berbera,20230610,10.44,45.01,6.7632,32.98,6.01,7.27,57.14,0.55
berbera,20230611,10.44,45.01,6.6504,33.05,7.3,8.83,52.45,5.06
berbera,20230612,10.44,45.01,5.813,31.68,5.47,7.07,65.15,77.62
berbera,20230613,10.44,45.01,5.4053,31.94,7.41,9.44,62.84,2.65
berbera,20230614,10.44,45.01,5.5279,31.97,6.92,8.55,59.53,1.33
berbera,20230615,10.44,45.01,5.9165,32.22,5.79,7.25,59.29,0.0
berbera,20230616,10.44,45.01,6.0425,32.37,5.51,6.97,61.59,0.01
berbera,20230617,10.44,45.01,6.5093,32.61,6.93,8.49,58.28,0.0
berbera,20230618,10.44,45.01,5.6642,32.59,8.13,10.04,55.95,0.0
berbera,20230619,10.44,45.01,6.1356,32.56,6.6,8.2,55.99,0.01
berbera,20230620,10.44,45.01,6.7361,33.02,7.03,8.65,55.69,0.0
berbera,20230621,10.44,45.01,6.3734,32.73,7.06,8.73,57.16,0.0
berbera,20230622,10.44,45.01,6.6019,32.42,7.17,8.84,56.95,0.0
berbera,20230623,10.44,45.01,6.7786,32.45,6.83,8.28,57.64,0.0
berbera,20230624,10.44,45.01,6.762,31.75,6.5,7.99,58.34,0.0
berbera,20230625,10.44,45.01,6.7831,32.48,6.98,8.6,53.21,0.0
berbera,20230626,10.44,45.01,6.5578,32.63,10.22,12.44,51.41,0.0
berbera,20230627,10.44,45.01,6.6031,32.95,10.22,12.5,51.2,0.01
berbera,20230628,10.44,45.01,6.7078,32.41,8.33,10.29,53.65,0.01
berbera,20230629,10.44,45.01,6.3809,32.7,8.64,10.78,55.41,0.01
berbera,20230630,10.44,45.01,6.7034,32.45,10.2,12.63,53.27,0.07
berbera,20230701,10.44,45.01,6.8129,32.63,9.9,12.19,52.35,0.1
berbera,20230702,10.44,45.01,6.6221,32.0,9.68,11.68,51.58,0.14
berbera,20230703,10.44,45.01,5.9508,32.08,9.14,10.98,52.74,0.13
berbera,20230704,10.44,45.01,6.6329,32.25,10.91,13.3,51.2,0.03
berbera,20230705,10.44,45.01,6.4471,32.48,9.03,11.06,51.93,0.03
berbera,20230706,10.44,45.01,6.5614,31.99,11.03,13.27,50.92,0.01
berbera,20230707,10.44,45.01,5.5747,31.8,11.68,14.26,52.1,0.02
berbera,20230708,10.44,45.01,6.8203,32.46,9.32,11.38,50.78,0.03
berbera,20230709,10.44,45.01,6.3773,32.57,8.11,10.4,53.18,0.04
berbera,20230710,10.44,45.01,5.4389,32.89,8.93,11.11,49.81,0.0
berbera,20230711,10.44,45.01,4.5266,33.04,8.35,10.4,50.21,0.01
berbera,20230712,10.44,45.01,6.3763,32.88,8.57,10.79,52.05,0.01
berbera,20230713,10.44,45.01,6.2954,32.76,8.71,10.87,51.82,0.0
berbera,20230714,10.44,45.01,6.4843,33.24,10.2,12.57,48.39,0.0
berbera,20230715,10.44,45.01,6.4495,33.06,11.03,13.73,49.99,0.03
berbera,20230716,10.44,45.01,6.6907,33.24,10.02,12.57,48.44,0.08
berbera,20230717,10.44,45.01,6.1865,32.61,9.83,12.16,48.72,0.09
berbera,20230718,10.44,45.01,6.1747,32.85,11.41,14.03,47.22,0.0
berbera,20230719,10.44,45.01,6.7642,32.97,8.57,10.67,46.77,0.01
berbera,20230720,10.44,45.01,5.2723,32.68,8.17,10.32,50.85,0.0
berbera,20230721,10.44,45.01,6.6204,32.44,11.45,14.28,49.12,0.03
berbera,20230722,10.44,45.01,6.5126,32.47,11.69,14.71,50.04,0.01
berbera,20230723,10.44,45.01,6.1303,33.23,9.81,12.56,49.91,0.06
berbera,20230724,10.44,45.01,4.913,32.4,9.95,12.32,51.54,0.11
berbera,20230725,10.44,45.01,6.4889,33.07,10.2,12.73,47.61,0.0
berbera,20230726,10.44,45.01,6.5904,33.07,9.94,12.25,46.42,0.0
berbera,20230727,10.44,45.01,6.5309,32.68,9.21,11.41,47.89,0.0
berbera,20230728,10.44,45.01,4.7707,32.61,10.36,12.83,49.58,0.12
berbera,20230729,10.44,45.01,6.4013,32.68,11.51,14.39,47.36,0.05
berbera,20230730,10.44,45.01,6.6506,33.55,7.69,9.7,47.26,0.01
berbera,20230731,10.44,45.01,6.1159,33.21,8.87,11.16,48.3,0.05
berbera,20230801,10.44,45.01,5.5226,31.33,9.11,11.48,59.26,22.36
berbera,20230802,10.44,45.01,6.2374,31.23,8.81,10.94,55.84,0.09
berbera,20230803,10.44,45.01,6.552,31.84,10.61,13.21,50.33,0.02
berbera,20230804,10.44,45.01,6.2976,32.38,9.33,11.64,49.48,0.0
berbera,20230805,10.44,45.01,5.2723,32.05,8.89,11.2,52.03,0.03
berbera,20230806,10.44,45.01,5.9465,32.64,9.46,11.91,51.1,0.07
berbera,20230807,10.44,45.01,6.4166,32.52,9.72,12.05,50.34,0.04
berbera,20230808,10.44,45.01,6.4906,32.7,10.04,12.58,49.31,0.02
berbera,20230809,10.44,45.01,6.7721,32.19,8.58,10.7,50.43,0.0
berbera,20230810,10.44,45.01,6.8676,32.0,7.18,8.88,53.35,0.0
berbera,20230811,10.44,45.01,6.8933,33.26,8.76,10.88,45.28,0.0
berbera,20230812,10.44,45.01,6.787,32.93,8.77,11.05,47.28,0.0
berbera,20230813,10.44,45.01,6.9838,33.44,8.58,10.76,45.33,0.0
berbera,20230814,10.44,45.01,7.2857,33.67,7.76,9.84,44.29,0.0
berbera,20230815,10.44,45.01,7.1683,33.58,7.27,9.15,44.81,0.0
berbera,20230816,10.44,45.01,6.4994,33.16,7.63,9.69,48.77,0.0
berbera,20230817,10.44,45.01,7.0126,32.96,6.86,8.62,48.42,0.0
berbera,20230818,10.44,45.01,6.996,33.73,6.75,8.4,45.89,0.0
berbera,20230819,10.44,45.01,7.063,34.2,5.84,7.4,45.47,0.0
berbera,20230820,10.44,45.01,7.1448,33.74,5.21,6.84,49.44,0.0
berbera,20230821,10.44,45.01,6.9775,34.62,7.51,9.58,42.97,0.0
berbera,20230822,10.44,45.01,6.4159,33.51,5.84,7.57,52.25,0.0
berbera,20230823,10.44,45.01,6.6751,33.67,4.95,6.45,50.44,0.0
berbera,20230824,10.44,45.01,6.4445,34.3,6.21,7.92,43.77,0.0
berbera,20230825,10.44,45.01,6.8184,34.23,6.56,8.37,45.19,0.0
berbera,20230826,10.44,45.01,7.1894,34.91,7.5,9.5,43.2,0.0
berbera,20230827,10.44,45.01,6.7534,34.59,7.19,9.14,43.36,0.0
berbera,20230828,10.44,45.01,5.8834,33.93,8.12,10.19,44.95,0.0
berbera,20230829,10.44,45.01,6.6151,33.95,8.04,9.98,45.19,0.04
berbera,20230830,10.44,45.01,7.0058,33.6,9.02,11.13,45.39,0.04
berbera,20230831,10.44,45.01,6.7207,32.77,5.82,7.51,51.0,0.12
berbera,20230901,10.44,45.01,6.7639,32.71,5.06,6.63,54.51,0.2
berbera,20230902,10.44,45.01,6.6156,33.4,3.9,5.32,51.4,0.22
berbera,20230903,10.44,45.01,6.5808,33.67,4.11,5.31,47.61,0.0
berbera,20230904,10.44,45.01,6.7558,34.08,5.75,7.35,46.23,0.0
berbera,20230905,10.44,45.01,6.9125,34.18,6.2,7.92,44.97,0.0
berbera,20230906,10.44,45.01,4.7554,33.53,5.45,7.01,50.24,0.02
berbera,20230907,10.44,45.01,5.4602,33.08,5.77,7.43,52.67,0.02
berbera,20230908,10.44,45.01,5.9604,33.16,5.26,6.76,52.34,0.0
berbera,20230909,10.44,45.01,6.719,33.16,4.79,6.05,52.82,0.0
berbera,20230910,10.44,45.01,6.7313,33.7,4.85,6.16,51.0,0.0
berbera,20230911,10.44,45.01,6.7704,34.2,5.69,7.32,45.09,0.0
berbera,20230912,10.44,45.01,6.4702,34.14,5.78,7.53,48.71,0.0
berbera,20230913,10.44,45.01,6.6098,33.85,4.72,6.31,49.2,0.0
berbera,20230914,10.44,45.01,6.4716,34.09,5.25,7.08,50.16,0.0
berbera,20230915,10.44,45.01,6.4817,33.62,5.62,7.2,50.4,0.0
berbera,20230916,10.44,45.01,6.8717,33.8,5.33,6.79,51.84,0.0
berbera,20230917,10.44,45.01,6.809,34.23,4.03,5.39,48.03,0.0
berbera,20230918,10.44,45.01,6.1054,34.29,4.82,6.45,50.66,0.01
berbera,20230919,10.44,45.01,6.4848,34.24,4.48,5.89,47.89,0.01
berbera,20230920,10.44,45.01,6.6151,34.31,4.88,6.23,47.82,0.0
berbera,20230921,10.44,45.01,6.4632,33.7,4.65,5.64,52.78,0.04
berbera,20230922,10.44,45.01,6.6941,33.5,3.88,4.51,52.85,0.03
berbera,20230923,10.44,45.01,6.2177,34.08,4.06,5.08,50.72,0.07
berbera,20230924,10.44,45.01,5.7156,33.45,4.77,5.6,55.11,0.14
berbera,20230925,10.44,45.01,6.5302,33.19,4.67,5.5,56.96,0.02
berbera,20230926,10.44,45.01,6.2942,33.42,3.09,3.67,56.43,0.05
berbera,20230927,10.44,45.01,6.3854,33.61,3.8,4.56,53.56,0.02
berbera,20230928,10.44,45.01,5.8325,33.11,3.39,3.86,58.03,1.57
berbera,20230929,10.44,45.01,5.6124,32.18,2.14,2.33,61.71,0.89
berbera,20230930,10.44,45.01,6.0895,31.68,3.01,3.39,60.79,0.63
berbera,20231001,10.44,45.01,6.7805,31.72,3.05,3.43,55.46,0.05
berbera,20231002,10.44,45.01,7.0015,30.9,4.0,4.47,60.28,0.05
berbera,20231003,10.44,45.01,6.9974,30.51,3.7,4.07,59.82,0.79
berbera,20231004,10.44,45.01,7.0802,30.08,3.1,3.36,58.07,0.12
berbera,20231005,10.44,45.01,6.8371,29.91,2.87,3.04,63.24,0.09
berbera,20231006,10.44,45.01,6.4769,30.67,2.97,3.23,62.03,0.08
berbera,20231007,10.44,45.01,6.6372,32.25,2.98,3.33,51.81,0.06
berbera,20231008,10.44,45.01,6.547,32.36,3.74,4.34,54.09,0.0
berbera,20231009,10.44,45.01,6.5174,30.63,4.36,4.82,64.71,0.0
berbera,20231010,10.44,45.01,6.7752,29.81,4.49,5.04,65.19,0.0
berbera,20231011,10.44,45.01,6.5542,29.79,3.72,4.01,68.84,0.0
berbera,20231012,10.44,45.01,5.5198,30.05,3.69,4.04,72.59,0.05
berbera,20231013,10.44,45.01,6.2746,29.75,3.74,4.13,75.79,7.07
berbera,20231014,10.44,45.01,5.868,29.03,3.94,4.43,78.3,14.07
berbera,20231015,10.44,45.01,6.4282,29.62,3.12,3.44,73.85,1.52
berbera,20231016,10.44,45.01,6.1267,30.1,3.11,3.32,70.39,0.78
berbera,20231017,10.44,45.01,6.564,29.59,3.51,3.89,69.18,0.33
berbera,20231018,10.44,45.01,6.6521,29.52,3.84,4.14,71.2,0.15
berbera,20231019,10.44,45.01,5.9916,30.13,3.07,3.29,72.07,1.17
berbera,20231020,10.44,45.01,5.7768,29.7,3.72,4.15,73.24,1.01
berbera,20231021,10.44,45.01,6.1829,29.13,3.26,3.56,70.75,0.2
berbera,20231022,10.44,45.01,6.63,28.75,3.12,3.46,67.11,0.04
berbera,20231023,10.44,45.01,6.2158,29.54,2.43,2.63,65.0,0.26
berbera,20231024,10.44,45.01,6.3461,30.62,2.25,2.44,62.98,0.48
berbera,20231025,10.44,45.01,5.6633,31.26,4.9,5.65,63.77,4.48
berbera,20231026,10.44,45.01,2.7086,28.94,4.89,5.54,77.51,16.09
berbera,20231027,10.44,45.01,4.6354,28.06,4.6,5.31,83.48,44.13
berbera,20231028,10.44,45.01,5.0498,28.94,3.66,4.29,74.45,5.63
berbera,20231029,10.44,45.01,5.4389,28.88,4.73,5.61,68.24,1.44
berbera,20231030,10.44,45.01,5.7667,28.46,4.03,4.49,74.18,1.78
berbera,20231031,10.44,45.01,5.8517,28.38,4.3,4.89,75.94,2.34
berbera,20231101,10.44,45.01,5.5152,27.99,5.11,5.87,76.94,2.14
berbera,20231102,10.44,45.01,4.043,28.0,4.82,5.54,74.53,9.14
berbera,20231103,10.44,45.01,4.4705,27.87,3.77,4.22,78.38,7.88
berbera,20231104,10.44,45.01,5.6201,27.4,3.26,3.73,80.53,0.39
berbera,20231105,10.44,45.01,5.7746,27.66,2.72,2.98,73.11,0.07
berbera,20231106,10.44,45.01,5.845,27.96,2.77,3.07,72.08,0.12
berbera,20231107,10.44,45.01,5.7554,27.71,2.59,2.88,73.0,0.0
berbera,20231108,10.44,45.01,5.6419,27.88,2.5,2.83,71.04,0.01
berbera,20231109,10.44,45.01,5.8361,27.7,2.73,3.08,70.29,0.0
berbera,20231110,10.44,45.01,5.9614,27.66,3.63,4.15,68.72,0.0
berbera,20231111,10.44,45.01,5.393,27.77,4.1,4.75,75.08,0.41
berbera,20231112,10.44,45.01,5.2634,27.92,3.97,4.54,77.62,0.62
berbera,20231113,10.44,45.01,5.9119,27.92,4.16,4.77,73.64,0.19
berbera,20231114,10.44,45.01,5.9285,27.52,3.42,3.84,72.55,0.02
berbera,20231115,10.44,45.01,5.5658,27.77,3.9,4.42,76.66,0.09
berbera,20231116,10.44,45.01,4.2278,27.69,4.56,5.31,82.18,1.62
berbera,20231117,10.44,45.01,3.6569,28.02,3.96,4.54,82.78,4.45
berbera,20231118,10.44,45.01,1.1515,28.12,3.46,4.2,85.72,9.73
berbera,20231119,10.44,45.01,5.1408,28.34,4.28,5.17,77.82,0.93
berbera,20231120,10.44,45.01,4.9106,27.71,4.33,4.9,78.84,0.43
berbera,20231121,10.44,45.01,5.6508,27.52,3.94,4.47,77.39,0.33
berbera,20231122,10.44,45.01,5.9928,27.06,4.03,4.72,77.22,0.0
berbera,20231123,10.44,45.01,5.5445,26.79,4.28,4.89,75.1,0.0
berbera,20231124,10.44,45.01,5.9424,26.77,2.63,2.9,70.82,0.0
berbera,20231125,10.44,45.01,5.4703,27.21,2.43,2.73,77.46,0.0
berbera,20231126,10.44,45.01,5.928,26.47,4.02,4.65,73.26,0.0
berbera,20231127,10.44,45.01,5.7401,25.69,2.32,2.6,72.72,0.22
berbera,20231128,10.44,45.01,5.5879,26.15,3.06,3.49,72.45,0.07
berbera,20231129,10.44,45.01,5.2284,25.7,4.0,4.6,72.28,0.13
berbera,20231130,10.44,45.01,5.413,26.33,3.35,3.86,72.52,0.11
berbera,20231201,10.44,45.01,5.2488,26.23,3.34,3.82,72.86,0.3
berbera,20231202,10.44,45.01,5.2814,25.62,3.14,3.59,75.55,0.15
berbera,20231203,10.44,45.01,5.6688,25.67,3.89,4.59,72.41,0.12
berbera,20231204,10.44,45.01,5.8934,26.23,4.45,5.36,68.16,0.01
berbera,20231205,10.44,45.01,5.7686,25.59,4.46,5.2,66.58,0.0
berbera,20231206,10.44,45.01,5.9906,25.19,3.4,3.88,67.63,0.0
berbera,20231207,10.44,45.01,5.6122,24.98,3.63,4.16,73.73,0.0
berbera,20231208,10.44,45.01,5.8692,25.78,4.77,5.62,71.64,0.0
berbera,20231209,10.44,45.01,6.0022,25.29,4.5,5.24,69.42,0.0
berbera,20231210,10.44,45.01,5.2678,25.78,2.44,2.79,73.63,0.0
berbera,20231211,10.44,45.01,5.6695,25.77,4.38,5.07,75.22,0.0
berbera,20231212,10.44,45.01,5.7485,25.32,3.68,4.17,75.24,0.0
berbera,20231213,10.44,45.01,5.921,25.38,3.26,3.63,72.32,0.0
berbera,20231214,10.44,45.01,5.5901,25.76,2.73,3.03,73.04,0.0
berbera,20231215,10.44,45.01,5.6669,25.59,3.63,4.16,75.92,0.0
berbera,20231216,10.44,45.01,5.5654,25.45,5.15,6.04,73.23,0.0
berbera,20231217,10.44,45.01,5.5978,24.5,5.59,6.51,70.31,0.0
berbera,20231218,10.44,45.01,5.5114,24.73,5.42,6.36,71.0,0.0
berbera,20231219,10.44,45.01,3.894,25.34,5.28,6.09,77.26,0.0
berbera,20231220,10.44,45.01,4.824,25.42,4.99,5.83,74.95,0.0
berbera,20231221,10.44,45.01,5.0244,25.52,4.49,5.15,77.18,0.0
berbera,20231222,10.44,45.01,5.6268,25.72,4.14,4.64,78.88,0.0
berbera,20231223,10.44,45.01,5.4698,25.89,4.04,4.44,77.48,0.0
berbera,20231224,10.44,45.01,5.485,25.39,3.59,4.0,78.32,0.0
berbera,20231225,10.44,45.01,5.8889,24.91,3.44,3.93,76.1,0.0
berbera,20231226,10.44,45.01,5.7055,24.92,3.98,4.54,76.1,0.0
berbera,20231227,10.44,45.01,5.2452,25.68,5.31,6.22,77.26,0.0
berbera,20231228,10.44,45.01,5.2927,25.43,3.95,4.49,76.07,0.0
berbera,20231229,10.44,45.01,4.7146,25.52,3.9,4.47,77.01,0.0
berbera,20231230,10.44,45.01,4.7693,25.23,3.65,4.12,77.42,0.0
berbera,20231231,10.44,45.01,5.5231,24.81,3.17,3.52,75.64,0.0
berbera,20240101,10.44,45.01,5.717,24.78,3.68,4.17,74.48,1.25
berbera,20240102,10.44,45.01,5.8795,24.61,3.44,3.86,73.97,0.42
berbera,20240103,10.44,45.01,5.7994,24.51,3.47,3.92,72.03,0.05
berbera,20240104,10.44,45.01,5.8589,24.48,3.49,3.96,73.74,0.06
berbera,20240105,10.44,45.01,5.8714,24.54,4.45,5.15,71.73,0.06
berbera,20240106,10.44,45.01,5.8603,24.64,3.5,3.99,67.19,0.0
berbera,20240107,10.44,45.01,5.7816,24.64,4.06,4.66,69.0,0.0
berbera,20240108,10.44,45.01,5.6899,24.51,5.23,6.08,71.97,0.0
berbera,20240109,10.44,45.01,6.0427,24.23,5.91,7.03,67.96,0.0
berbera,20240110,10.44,45.01,5.6021,24.32,5.24,6.14,70.73,0.0
berbera,20240111,10.44,45.01,6.1075,24.05,4.54,5.25,69.62,0.01
berbera,20240112,10.44,45.01,6.0286,24.0,3.39,3.86,74.78,0.03
berbera,20240113,10.44,45.01,6.0614,24.85,4.07,4.63,74.1,0.03
berbera,20240114,10.44,45.01,5.4118,25.12,4.23,4.83,79.75,0.05
berbera,20240115,10.44,45.01,4.6586,25.76,4.68,5.18,81.1,0.12
berbera,20240116,10.44,45.01,5.0892,25.95,4.68,5.27,79.85,0.0
berbera,20240117,10.44,45.01,5.839,25.56,2.99,3.27,74.01,0.0
berbera,20240118,10.44,45.01,5.9412,25.28,2.59,2.75,74.76,0.0
berbera,20240119,10.44,45.01,6.0902,25.16,3.08,3.44,72.16,0.0
berbera,20240120,10.44,45.01,5.5046,25.18,4.5,5.21,75.42,0.0
berbera,20240121,10.44,45.01,5.2802,25.15,4.99,5.86,75.88,0.0
berbera,20240122,10.44,45.01,5.987,25.43,5.4,6.35,70.51,0.0
berbera,20240123,10.44,45.01,6.0862,24.92,4.24,4.82,71.17,0.0
berbera,20240124,10.44,45.01,5.9203,24.61,3.88,4.4,71.5,0.0
berbera,20240125,10.44,45.01,5.9105,24.7,3.52,3.86,73.8,0.0
berbera,20240126,10.44,45.01,6.0437,25.73,3.63,3.84,74.33,0.01
berbera,20240127,10.44,45.01,5.4994,26.12,3.06,3.16,77.51,0.03
berbera,20240128,10.44,45.01,4.693,25.98,2.45,2.66,78.75,0.02
berbera,20240129,10.44,45.01,5.4667,26.39,3.58,3.92,78.49,0.01
berbera,20240130,10.44,45.01,4.8161,26.11,3.96,4.51,79.0,0.03
berbera,20240131,10.44,45.01,5.8486,25.36,3.48,3.93,73.14,0.0
berbera,20240201,10.44,45.01,6.0125,25.27,2.87,3.01,72.18,0.0
berbera,20240202,10.44,45.01,6.0612,26.26,2.67,2.68,70.63,0.0
berbera,20240203,10.44,45.01,5.1578,26.2,2.54,2.67,72.89,0.0
berbera,20240204,10.44,45.01,6.024,25.93,4.23,4.72,75.77,0.0
berbera,20240205,10.44,45.01,5.4528,25.61,3.69,4.14,74.23,0.0
berbera,20240206,10.44,45.01,6.0588,25.54,3.02,3.26,74.91,0.0
berbera,20240207,10.44,45.01,5.9287,25.89,4.97,5.48,74.47,0.0
berbera,20240208,10.44,45.01,5.2027,26.0,6.58,7.36,73.63,0.0
berbera,20240209,10.44,45.01,5.461,26.04,5.87,6.58,75.81,0.0
berbera,20240210,10.44,45.01,5.3136,26.16,5.2,5.78,75.79,0.56
berbera,20240211,10.44,45.01,6.2628,26.46,4.36,4.85,75.02,0.23
berbera,20240212,10.44,45.01,6.1322,26.38,4.26,4.68,75.94,0.26
berbera,20240213,10.44,45.01,5.7686,26.73,5.41,6.09,76.79,0.28
berbera,20240214,10.44,45.01,5.7108,26.83,5.68,6.42,75.14,0.38
berbera,20240215,10.44,45.01,5.747,26.47,5.1,5.68,77.37,0.02
berbera,20240216,10.44,45.01,6.1214,26.32,4.51,4.96,76.09,0.03
berbera,20240217,10.44,45.01,5.9467,25.59,2.54,2.69,73.31,0.02
berbera,20240218,10.44,45.01,5.9462,25.77,2.08,2.21,72.87,0.0
berbera,20240219,10.44,45.01,6.1514,26.24,3.01,3.3,76.22,0.02
berbera,20240220,10.44,45.01,6.0782,25.77,3.64,3.89,74.29,0.0
berbera,20240221,10.44,45.01,6.4524,26.07,4.1,4.47,74.2,0.0
berbera,20240222,10.44,45.01,6.6134,25.98,4.7,5.16,75.01,0.0
berbera,20240223,10.44,45.01,6.1651,26.09,5.04,5.68,73.04,0.0
berbera,20240224,10.44,45.01,6.3643,25.44,4.44,4.98,72.89,0.0
berbera,20240225,10.44,45.01,6.792,25.36,2.73,2.89,72.01,0.03
berbera,20240226,10.44,45.01,6.8652,25.97,2.88,3.07,70.92,0.06
berbera,20240227,10.44,45.01,6.4106,26.39,3.76,4.06,73.46,0.23
berbera,20240228,10.44,45.01,5.6002,26.51,3.8,4.02,77.88,0.61
berbera,20240229,10.44,45.01,6.4135,27.17,4.17,4.56,75.69,0.22
berbera,20240301,10.44,45.01,6.1438,27.29,4.94,5.54,74.82,0.24
berbera,20240302,10.44,45.01,6.1058,27.17,4.7,5.24,73.88,0.01
berbera,20240303,10.44,45.01,6.0775,27.66,4.74,5.33,72.07,0.0
berbera,20240304,10.44,45.01,5.6402,27.78,3.93,4.39,73.49,0.01
berbera,20240305,10.44,45.01,6.5861,28.38,3.91,4.45,71.14,0.0
berbera,20240306,10.44,45.01,6.7613,28.81,3.8,4.4,66.94,0.0
berbera,20240307,10.44,45.01,6.6912,28.43,3.01,3.25,68.06,0.06
berbera,20240308,10.44,45.01,5.7816,27.99,2.96,2.97,74.34,0.27
berbera,20240309,10.44,45.01,6.1958,27.58,2.87,2.94,76.99,0.16
berbera,20240310,10.44,45.01,6.409,28.22,3.62,3.94,74.2,0.2
berbera,20240311,10.44,45.01,6.703,28.58,4.25,4.72,74.26,0.12
berbera,20240312,10.44,45.01,6.6574,28.88,3.92,4.43,67.7,0.0
berbera,20240313,10.44,45.01,6.6595,28.59,4.02,4.48,70.61,0.0
berbera,20240314,10.44,45.01,6.5114,28.13,4.76,5.26,73.64,0.0
berbera,20240315,10.44,45.01,6.8518,28.38,4.52,5.05,68.53,0.0
berbera,20240316,10.44,45.01,6.6838,28.16,4.21,4.75,70.74,0.0
berbera,20240317,10.44,45.01,6.7963,27.6,4.15,4.58,71.99,0.0
berbera,20240318,10.44,45.01,7.099,27.44,4.66,5.15,69.59,0.0
berbera,20240319,10.44,45.01,6.6934,27.68,4.47,4.88,73.43,0.0
berbera,20240320,10.44,45.01,6.5124,27.48,3.96,4.22,74.62,0.0
berbera,20240321,10.44,45.01,6.9996,27.55,4.19,4.49,74.5,0.0
berbera,20240322,10.44,45.01,6.9857,27.91,3.91,4.22,72.93,0.0
berbera,20240323,10.44,45.01,6.6408,28.17,4.2,4.53,73.96,0.0
berbera,20240324,10.44,45.01,6.2885,28.93,4.63,5.16,68.79,0.0
berbera,20240325,10.44,45.01,6.5609,29.37,3.41,3.87,68.01,0.0
berbera,20240326,10.44,45.01,6.1685,28.23,3.46,3.55,75.18,0.01
berbera,20240327,10.44,45.01,6.2993,28.22,4.76,5.14,77.42,1.75
berbera,20240328,10.44,45.01,5.3537,28.15,6.32,7.09,78.34,2.58
berbera,20240329,10.44,45.01,5.8402,28.23,5.02,5.54,75.94,1.7
berbera,20240330,10.44,45.01,6.702,28.89,4.6,5.25,69.19,0.31
berbera,20240331,10.44,45.01,6.4106,28.94,5.03,5.76,62.57,0.14
berbera,20240401,10.44,45.01,6.726,29.44,4.9,5.58,65.08,0.04
berbera,20240402,10.44,45.01,5.0162,29.09,4.11,4.53,72.84,2.64
berbera,20240403,10.44,45.01,5.8003,27.71,3.11,3.47,80.5,6.29
berbera,20240404,10.44,45.01,5.7734,28.41,3.13,3.43,78.04,1.95
berbera,20240405,10.44,45.01,6.5686,28.34,3.39,3.62,76.9,1.25
berbera,20240406,10.44,45.01,7.0277,28.78,3.8,4.16,72.81,0.0
berbera,20240407,10.44,45.01,7.0759,29.41,3.77,4.19,68.73,0.0
berbera,20240408,10.44,45.01,6.8052,29.92,3.72,4.22,66.83,0.0
berbera,20240409,10.44,45.01,6.6358,29.76,3.41,3.7,71.79,0.0
berbera,20240410,10.44,45.01,6.8282,29.14,3.51,3.76,73.57,0.0
berbera,20240411,10.44,45.01,6.8242,29.04,3.31,3.43,73.62,0.06
berbera,20240412,10.44,45.01,6.8818,29.71,3.34,3.56,74.06,0.39
berbera,20240413,10.44,45.01,7.0776,31.0,3.11,3.62,68.52,0.31
berbera,20240414,10.44,45.01,7.153,31.01,3.01,3.38,68.2,0.19
berbera,20240415,10.44,45.01,7.2538,31.88,2.9,3.36,66.11,2.0
berbera,20240416,10.44,45.01,6.8246,31.71,2.82,3.33,67.42,0.54
berbera,20240417,10.44,45.01,6.6108,31.42,3.14,3.6,69.11,0.78
berbera,20240418,10.44,45.01,5.5793,30.64,3.24,3.59,73.31,0.8
berbera,20240419,10.44,45.01,4.0572,30.09,2.57,2.76,73.15,0.44
berbera,20240420,10.44,45.01,5.4876,29.8,2.77,3.14,73.67,1.18
berbera,20240421,10.44,45.01,3.523,29.27,1.96,1.92,77.95,12.29
berbera,20240422,10.44,45.01,6.0744,29.96,3.37,3.76,70.97,7.94
berbera,20240423,10.44,45.01,6.1159,29.52,3.07,3.36,77.2,10.23
berbera,20240424,10.44,45.01,6.3924,30.14,2.9,3.35,72.88,6.3
berbera,20240425,10.44,45.01,6.0814,30.52,2.95,3.52,69.34,6.85
berbera,20240426,10.44,45.01,6.4488,31.01,3.36,4.09,65.45,0.08
berbera,20240427,10.44,45.01,6.451,30.87,4.2,4.97,65.52,0.07
berbera,20240428,10.44,45.01,5.5282,29.92,2.63,2.86,74.41,0.14
berbera,20240429,10.44,45.01,6.1411,29.83,3.31,3.7,74.08,0.06
berbera,20240430,10.44,45.01,5.759,30.45,3.83,4.35,69.02,0.11
berbera,20240501,10.44,45.01,5.8819,30.74,3.61,4.28,70.03,0.21
berbera,20240502,10.44,45.01,6.5167,30.69,2.72,3.03,71.39,0.04
berbera,20240503,10.44,45.01,6.2554,30.47,2.71,3.03,73.77,0.14
berbera,20240504,10.44,45.01,6.3098,29.78,2.57,2.83,77.91,0.4
berbera,20240505,10.44,45.01,5.8958,30.18,2.2,2.46,74.76,0.19
berbera,20240506,10.44,45.01,5.9525,30.27,2.6,2.82,73.05,0.11
berbera,20240507,10.44,45.01,6.2549,31.06,2.61,3.18,67.63,0.24
berbera,20240508,10.44,45.01,6.1586,31.54,3.14,3.63,65.8,0.03
berbera,20240509,10.44,45.01,6.8198,32.27,3.14,3.75,63.24,0.07
berbera,20240510,10.44,45.01,6.4553,32.06,4.43,5.29,64.23,0.16
berbera,20240511,10.44,45.01,6.6898,32.28,3.72,4.54,64.31,0.04
berbera,20240512,10.44,45.01,6.4531,32.33,3.62,4.25,62.49,0.0
berbera,20240513,10.44,45.01,6.6984,32.58,3.69,4.3,61.6,0.0
berbera,20240514,10.44,45.01,6.7387,32.53,3.55,4.08,64.92,0.01
berbera,20240515,10.44,45.01,6.5599,32.28,3.01,3.45,66.53,0.01
berbera,20240516,10.44,45.01,6.1289,31.43,3.24,3.63,71.21,0.13
berbera,20240517,10.44,45.01,6.3576,30.72,2.4,2.61,71.55,0.03
berbera,20240518,10.44,45.01,6.6833,31.03,2.69,2.94,70.32,0.02
berbera,20240519,10.44,45.01,6.017,31.11,3.19,3.67,70.32,0.02
berbera,20240520,10.44,45.01,5.959,30.86,2.14,2.44,64.69,0.0
berbera,20240521,10.44,45.01,6.4807,32.28,2.65,3.15,57.56,3.39
berbera,20240522,10.44,45.01,6.4927,32.67,4.58,5.58,61.69,2.87
berbera,20240523,10.44,45.01,7.2442,32.78,4.16,4.87,57.62,0.29
berbera,20240524,10.44,45.01,7.1491,33.38,4.53,5.45,56.48,0.19
berbera,20240525,10.44,45.01,7.1453,33.47,4.76,5.68,58.46,0.3
berbera,20240526,10.44,45.01,7.0289,33.39,4.8,5.64,58.09,0.02
berbera,20240527,10.44,45.01,7.2106,33.44,4.95,5.81,56.46,0.01
berbera,20240528,10.44,45.01,6.8114,34.17,6.65,8.22,50.75,0.01
berbera,20240529,10.44,45.01,6.6898,33.86,7.05,8.46,53.02,0.01
berbera,20240530,10.44,45.01,6.4634,33.77,5.96,7.11,49.49,0.01
berbera,20240531,10.44,45.01,6.792,33.18,5.06,6.03,53.02,0.0
berbera,20240601,10.44,45.01,6.9727,32.9,4.79,5.47,53.34,0.0
berbera,20240602,10.44,45.01,6.7706,33.49,5.58,6.64,54.39,0.0
berbera,20240603,10.44,45.01,7.163,33.54,4.38,5.24,51.93,0.0
berbera,20240604,10.44,45.01,7.0999,34.58,5.16,6.41,49.04,0.0
berbera,20240605,10.44,45.01,6.8323,34.68,6.64,8.25,49.82,0.0
berbera,20240606,10.44,45.01,6.9545,34.57,6.25,7.67,49.88,0.02
berbera,20240607,10.44,45.01,7.091,34.47,6.21,7.59,52.2,0.03
berbera,20240608,10.44,45.01,6.7651,34.6,7.51,9.12,48.94,0.0
berbera,20240609,10.44,45.01,6.8052,34.43,8.18,9.98,48.87,0.0
berbera,20240610,10.44,45.01,6.8345,34.23,8.27,10.15,47.38,0.11
berbera,20240611,10.44,45.01,6.1829,33.23,8.67,10.68,51.47,0.63
berbera,20240612,10.44,45.01,6.1087,33.0,7.96,9.85,53.67,1.06
berbera,20240613,10.44,45.01,6.3571,31.98,5.95,7.24,57.24,0.55
berbera,20240614,10.44,45.01,6.803,33.17,5.68,6.81,51.61,0.01
berbera,20240615,10.44,45.01,7.1184,33.93,6.37,7.82,49.27,0.0
berbera,20240616,10.44,45.01,7.1417,34.08,6.87,8.35,46.43,0.0
berbera,20240617,10.44,45.01,6.7486,34.45,7.79,9.53,45.55,0.02
berbera,20240618,10.44,45.01,5.3117,34.08,8.55,10.53,48.72,0.03
berbera,20240619,10.44,45.01,6.2566,33.96,7.52,9.35,49.77,0.08
berbera,20240620,10.44,45.01,6.4133,34.3,7.82,9.64,51.17,0.06
berbera,20240621,10.44,45.01,4.4695,34.35,9.05,11.19,46.4,0.05
berbera,20240622,10.44,45.01,6.4817,34.25,9.18,11.37,46.13,0.02
berbera,20240623,10.44,45.01,6.0396,34.05,10.08,12.56,44.88,0.0
berbera,20240624,10.44,45.01,6.384,33.55,8.62,10.9,48.86,0.11
berbera,20240625,10.44,45.01,6.4133,32.87,8.12,10.28,50.55,0.0
berbera,20240626,10.44,45.01,5.1662,32.89,8.01,10.16,49.7,0.0
berbera,20240627,10.44,45.01,5.8738,33.07,8.84,11.23,48.65,0.0
berbera,20240628,10.44,45.01,6.4706,33.43,10.02,12.63,47.21,0.0
berbera,20240629,10.44,45.01,4.6879,33.4,8.83,11.18,46.24,0.0
berbera,20240630,10.44,45.01,6.3948,33.67,8.41,10.63,46.02,0.01
berbera,20240701,10.44,45.01,5.7545,33.9,8.26,10.36,45.66,0.02
berbera,20240702,10.44,45.01,5.6719,33.95,7.93,10.21,44.77,0.0
berbera,20240703,10.44,45.01,6.1522,33.57,7.42,9.73,48.95,0.01
berbera,20240704,10.44,45.01,5.9002,33.04,6.01,7.94,50.18,0.0
berbera,20240705,10.44,45.01,5.9606,33.49,5.6,7.68,47.94,0.0
berbera,20240706,10.44,45.01,6.6182,33.56,7.35,9.78,47.51,0.0
berbera,20240707,10.44,45.01,6.6408,33.69,6.75,8.79,48.77,0.02
berbera,20240708,10.44,45.01,6.0338,33.67,5.96,7.92,49.87,0.03
berbera,20240709,10.44,45.01,5.5447,33.97,7.39,9.52,49.74,0.11
berbera,20240710,10.44,45.01,6.1123,33.9,7.31,9.41,48.42,0.0
berbera,20240711,10.44,45.01,6.4692,33.92,7.37,9.46,49.66,0.0
berbera,20240712,10.44,45.01,5.9398,33.66,8.33,10.64,48.65,0.0
berbera,20240713,10.44,45.01,5.0074,33.35,10.11,12.54,49.65,0.02
berbera,20240714,10.44,45.01,5.789,33.87,8.28,10.34,48.05,0.0
berbera,20240715,10.44,45.01,5.5051,33.4,8.44,10.57,48.77,0.39
berbera,20240716,10.44,45.01,4.8048,32.73,8.3,10.48,53.42,0.4
berbera,20240717,10.44,45.01,4.9632,32.62,8.72,10.99,53.51,0.43
berbera,20240718,10.44,45.01,6.4363,32.49,8.57,10.91,49.68,0.0
berbera,20240719,10.44,45.01,4.8626,32.9,7.84,10.16,48.32,0.62
berbera,20240720,10.44,45.01,5.3093,32.61,9.22,11.78,51.59,0.55
berbera,20240721,10.44,45.01,5.9141,32.85,7.51,9.68,50.68,0.27
berbera,20240722,10.44,45.01,4.8026,32.91,8.93,11.51,50.55,0.08
berbera,20240723,10.44,45.01,6.7778,33.24,8.17,10.5,48.45,0.1
berbera,20240724,10.44,45.01,5.9021,32.56,7.87,10.46,50.63,0.15
berbera,20240725,10.44,45.01,4.1407,32.09,6.78,9.19,55.03,0.47
berbera,20240726,10.44,45.01,5.1331,32.01,6.01,8.07,55.08,0.25
berbera,20240727,10.44,45.01,5.1665,31.72,6.54,8.66,54.91,0.23
berbera,20240728,10.44,45.01,6.2321,31.88,5.26,7.33,54.67,0.09
berbera,20240729,10.44,45.01,5.3681,32.02,6.43,8.89,59.21,7.18
berbera,20240730,10.44,45.01,6.0444,31.28,7.14,9.36,59.31,2.3
berbera,20240731,10.44,45.01,5.9604,32.19,6.83,8.86,53.8,0.05
berbera,20240801,10.44,45.01,5.5656,31.82,7.23,9.44,54.63,0.23
berbera,20240802,10.44,45.01,3.2342,30.66,6.14,7.97,60.85,0.69
berbera,20240803,10.44,45.01,4.8281,30.34,6.32,7.99,57.53,0.1
berbera,20240804,10.44,45.01,6.5102,31.09,6.83,8.78,55.66,0.01
berbera,20240805,10.44,45.01,6.162,31.6,5.71,7.46,57.49,0.02
berbera,20240806,10.44,45.01,6.3953,31.38,5.9,7.57,59.53,0.09
berbera,20240807,10.44,45.01,6.797,31.55,6.28,8.15,55.51,0.01
berbera,20240808,10.44,45.01,6.696,31.87,5.81,7.62,56.3,0.01
berbera,20240809,10.44,45.01,5.6256,32.0,6.91,8.89,56.01,0.02
berbera,20240810,10.44,45.01,5.5944,31.96,6.94,8.92,52.77,0.09
berbera,20240811,10.44,45.01,6.4157,32.96,7.87,10.0,48.54,0.01
berbera,20240812,10.44,45.01,6.7073,32.37,6.94,8.96,52.51,0.0
berbera,20240813,10.44,45.01,6.5645,32.62,6.38,8.34,51.89,0.05
berbera,20240814,10.44,45.01,5.611,32.19,5.33,7.07,55.07,0.0
berbera,20240815,10.44,45.01,7.145,32.44,5.9,7.67,54.17,0.0
berbera,20240816,10.44,45.01,5.9894,32.54,6.36,8.39,54.63,0.0
berbera,20240817,10.44,45.01,5.6642,31.93,7.26,9.31,54.21,0.0
berbera,20240818,10.44,45.01,6.3962,32.24,7.32,9.33,52.34,0.0
berbera,20240819,10.44,45.01,5.658,32.2,8.58,10.93,56.32,0.74
berbera,20240820,10.44,45.01,3.5875,31.41,9.18,11.51,61.44,2.07
berbera,20240821,10.44,45.01,5.676,30.53,9.68,11.92,56.56,0.04
berbera,20240822,10.44,45.01,6.0854,31.6,9.27,11.47,50.38,0.04
berbera,20240823,10.44,45.01,5.6556,31.58,6.09,7.52,52.98,3.21
berbera,20240824,10.44,45.01,5.7523,30.95,5.99,7.4,56.59,0.42
berbera,20240825,10.44,45.01,6.5995,31.7,6.69,8.36,54.25,0.0
berbera,20240826,10.44,45.01,6.8558,31.83,5.28,6.72,54.56,0.0
berbera,20240827,10.44,45.01,6.709,32.13,5.18,6.7,55.69,0.3
berbera,20240828,10.44,45.01,6.2719,32.09,5.55,7.11,58.78,0.53
berbera,20240829,10.44,45.01,6.4697,32.2,6.12,7.86,59.03,0.61
berbera,20240830,10.44,45.01,6.1008,31.98,6.41,8.32,61.29,0.62
berbera,20240831,10.44,45.01,5.5661,31.44,7.58,9.67,59.48,3.2
berbera,20240901,10.44,45.01,5.9167,31.15,8.03,10.13,54.81,2.93
berbera,20240902,10.44,45.01,6.6905,31.41,6.15,7.8,51.63,0.0
berbera,20240903,10.44,45.01,5.6729,31.74,5.27,6.98,56.18,0.39
berbera,20240904,10.44,45.01,6.2465,32.56,6.22,8.15,51.97,0.29
berbera,20240905,10.44,45.01,5.3256,32.81,6.52,8.46,51.53,0.03
berbera,20240906,10.44,45.01,6.2417,33.0,6.38,8.25,49.01,0.1
berbera,20240907,10.44,45.01,5.6563,32.65,5.99,7.8,53.13,0.44
berbera,20240908,10.44,45.01,5.9659,33.38,6.5,8.44,49.43,0.4
berbera,20240909,10.44,45.01,6.4594,33.02,5.16,6.83,51.07,0.03
berbera,20240910,10.44,45.01,6.8532,33.21,5.46,7.38,50.96,0.09
berbera,20240911,10.44,45.01,6.5633,32.82,4.69,6.22,52.79,0.05
berbera,20240912,10.44,45.01,6.5414,33.11,4.95,6.47,51.88,0.06
berbera,20240913,10.44,45.01,6.9478,33.37,6.13,7.89,49.3,0.01
berbera,20240914,10.44,45.01,6.8582,33.79,5.93,7.49,44.85,0.0
berbera,20240915,10.44,45.01,6.7349,33.4,5.63,7.24,46.09,0.0
berbera,20240916,10.44,45.01,6.155,33.87,5.74,7.41,46.67,0.01
berbera,20240917,10.44,45.01,6.4706,33.12,5.12,6.48,52.98,0.14
berbera,20240918,10.44,45.01,6.7814,32.48,4.05,4.9,56.33,0.02
berbera,20240919,10.44,45.01,6.6062,32.64,2.98,3.76,54.3,0.0
berbera,20240920,10.44,45.01,6.5203,31.92,3.1,3.52,60.13,0.02
berbera,20240921,10.44,45.01,6.3545,31.3,2.66,2.97,60.49,0.0
berbera,20240922,10.44,45.01,6.761,31.98,2.45,2.76,50.15,0.0
berbera,20240923,10.44,45.01,6.5465,33.08,3.74,4.68,49.84,0.0
berbera,20240924,10.44,45.01,6.5683,33.01,4.5,5.47,48.32,0.0
berbera,20240925,10.44,45.01,6.5378,33.34,4.01,4.77,48.38,0.0
berbera,20240926,10.44,45.01,6.6034,33.33,4.31,5.14,52.86,0.0
berbera,20240927,10.44,45.01,6.3809,33.46,4.54,5.48,52.27,0.0
berbera,20240928,10.44,45.01,5.8524,33.3,3.74,4.56,54.26,0.08
berbera,20240929,10.44,45.01,5.4557,33.39,4.08,4.92,53.17,1.54
berbera,20240930,10.44,45.01,5.7926,32.66,4.12,4.76,60.53,2.36
berbera,20241001,10.44,45.01,5.5325,31.62,2.71,2.96,65.62,2.15
berbera,20241002,10.44,45.01,4.297,31.79,3.36,3.8,61.99,1.37
berbera,20241003,10.44,45.01,6.0026,31.27,2.66,2.76,66.33,2.61
berbera,20241004,10.44,45.01,5.7634,31.07,2.33,2.5,64.84,1.67
berbera,20241005,10.44,45.01,5.1914,31.47,2.55,2.78,62.32,2.91
berbera,20241006,10.44,45.01,6.1997,31.43,2.99,3.28,62.7,1.99
berbera,20241007,10.44,45.01,5.7958,30.78,2.25,2.36,66.94,2.45
berbera,20241008,10.44,45.01,6.1894,30.47,2.36,2.48,66.63,0.98
berbera,20241009,10.44,45.01,6.5988,30.43,2.92,3.19,62.81,0.19
berbera,20241010,10.44,45.01,6.4387,30.73,3.02,3.31,60.71,0.21
berbera,20241011,10.44,45.01,6.0425,31.0,3.15,3.44,60.34,0.4
berbera,20241012,10.44,45.01,5.3767,30.77,2.46,2.57,59.44,0.78
berbera,20241013,10.44,45.01,6.5321,31.01,2.43,2.63,58.51,0.01
berbera,20241014,10.44,45.01,6.7476,31.19,2.42,2.63,53.94,0.0
berbera,20241015,10.44,45.01,6.864,31.49,2.72,3.06,49.62,0.0
berbera,20241016,10.44,45.01,6.1142,32.13,2.68,2.99,46.14,0.0
berbera,20241017,10.44,45.01,6.4133,32.17,2.53,2.75,49.38,0.0
berbera,20241018,10.44,45.01,6.4814,31.73,2.91,3.3,55.34,0.0
berbera,20241019,10.44,45.01,6.4946,30.95,3.05,3.34,60.69,0.0
berbera,20241020,10.44,45.01,6.3031,30.37,2.76,2.96,66.9,0.0
berbera,20241021,10.44,45.01,6.2134,30.27,2.72,2.84,67.5,0.01
berbera,20241022,10.44,45.01,6.539,30.61,2.93,3.28,59.04,0.0
berbera,20241023,10.44,45.01,6.4262,31.16,3.83,4.35,55.07,0.06
berbera,20241024,10.44,45.01,5.8831,30.4,3.96,4.33,66.69,2.46
berbera,20241025,10.44,45.01,5.569,29.47,4.06,4.43,78.07,13.69
berbera,20241026,10.44,45.01,5.7374,28.91,4.75,5.47,82.21,10.88
berbera,20241027,10.44,45.01,5.8807,28.64,4.08,4.6,78.5,4.87
berbera,20241028,10.44,45.01,5.6417,28.78,3.07,3.4,71.8,0.55
berbera,20241029,10.44,45.01,6.0814,29.09,4.11,4.51,70.12,0.04
berbera,20241030,10.44,45.01,6.3398,29.06,3.79,4.09,69.15,0.16
berbera,20241031,10.44,45.01,5.7617,28.91,3.88,4.29,63.8,0.0
berbera,20241101,10.44,45.01,5.2202,28.49,4.33,4.71,67.08,0.07
berbera,20241102,10.44,45.01,5.7809,28.0,4.29,4.82,73.55,1.56
berbera,20241103,10.44,45.01,6.4927,27.47,2.77,3.02,64.5,0.03
berbera,20241104,10.44,45.01,6.2335,27.61,2.44,2.67,68.28,0.05
berbera,20241105,10.44,45.01,5.7108,28.08,3.25,3.59,73.56,1.44
berbera,20241106,10.44,45.01,5.8572,28.24,3.83,4.28,73.72,2.03
berbera,20241107,10.44,45.01,5.941,27.95,3.71,4.11,72.84,0.08
berbera,20241108,10.44,45.01,6.1642,27.4,2.85,3.1,69.77,0.0
berbera,20241109,10.44,45.01,5.8224,27.67,3.83,4.37,69.23,0.03
berbera,20241110,10.44,45.01,6.1438,27.16,4.31,4.93,67.17,0.01
berbera,20241111,10.44,45.01,5.1571,27.1,3.7,4.2,69.42,0.02
berbera,20241112,10.44,45.01,5.5236,27.1,4.32,4.88,69.35,0.0
berbera,20241113,10.44,45.01,6.2671,26.45,2.73,3.06,64.75,0.0
berbera,20241114,10.44,45.01,6.1922,26.87,3.07,3.5,62.13,0.0
berbera,20241115,10.44,45.01,6.2318,26.61,4.29,4.96,62.6,0.0
berbera,20241116,10.44,45.01,5.4149,26.73,3.07,3.4,69.04,0.0
berbera,20241117,10.44,45.01,4.8439,27.57,3.74,4.22,74.08,0.27
berbera,20241118,10.44,45.01,4.7184,27.81,4.27,4.88,72.93,0.53
berbera,20241119,10.44,45.01,5.9669,27.44,4.47,5.1,66.64,0.03
berbera,20241120,10.44,45.01,5.0254,26.91,2.76,3.03,70.72,0.13
berbera,20241121,10.44,45.01,3.7056,27.43,4.29,4.86,81.66,1.33
berbera,20241122,10.44,45.01,4.7498,28.01,4.31,4.85,77.87,2.4
berbera,20241123,10.44,45.01,5.9177,27.49,4.36,5.05,69.95,0.11
berbera,20241124,10.44,45.01,5.8476,26.56,4.08,4.66,71.2,0.02
berbera,20241125,10.44,45.01,5.8942,26.93,4.11,4.57,72.8,0.08
berbera,20241126,10.44,45.01,5.3321,27.12,4.32,4.75,73.54,0.19
berbera,20241127,10.44,45.01,5.4413,26.92,3.66,4.05,74.58,0.0
berbera,20241128,10.44,45.01,5.5166,26.47,2.9,3.19,66.64,0.0
berbera,20241129,10.44,45.01,6.0379,25.92,2.96,3.3,70.2,0.0
berbera,20241130,10.44,45.01,5.9657,26.09,3.37,3.81,69.79,0.0
berbera,20241201,10.44,45.01,5.9947,25.97,3.19,3.6,71.85,0.0
berbera,20241202,10.44,45.01,5.993,26.33,3.44,3.89,72.42,0.0
berbera,20241203,10.44,45.01,5.8843,26.45,3.89,4.43,71.59,0.0
berbera,20241204,10.44,45.01,5.7648,26.24,3.99,4.57,69.33,0.0
berbera,20241205,10.44,45.01,5.7077,25.6,3.4,3.86,67.73,0.0
berbera,20241206,10.44,45.01,5.6254,25.37,3.51,4.0,68.77,0.0
berbera,20241207,10.44,45.01,5.623,25.63,3.69,4.19,68.53,0.0
berbera,20241208,10.44,45.01,5.5042,25.78,3.66,4.15,66.28,0.0
berbera,20241209,10.44,45.01,5.5598,25.71,3.14,3.55,68.33,0.0
berbera,20241210,10.44,45.01,5.604,25.5,3.93,4.47,70.74,0.0
berbera,20241211,10.44,45.01,5.1955,25.06,4.33,4.95,72.25,0.0
berbera,20241212,10.44,45.01,5.2183,25.08,4.61,5.33,69.34,0.0
berbera,20241213,10.44,45.01,5.4816,25.19,4.66,5.44,68.17,0.0
berbera,20241214,10.44,45.01,5.9244,24.86,4.01,4.56,71.36,0.0
berbera,20241215,10.44,45.01,5.6078,24.97,4.31,5.0,71.74,0.0
berbera,20241216,10.44,45.01,5.412,24.93,5.53,6.46,73.62,0.0
berbera,20241217,10.44,45.01,5.7698,24.46,4.8,5.55,68.56,0.0
berbera,20241218,10.44,45.01,5.4461,24.08,3.88,4.4,65.54,0.0
berbera,20241219,10.44,45.01,5.9753,23.84,4.46,5.09,64.93,0.0
berbera,20241220,10.44,45.01,5.9945,23.82,3.73,4.19,65.26,0.0
berbera,20241221,10.44,45.01,6.1334,23.66,2.71,2.93,65.05,0.0
berbera,20241222,10.44,45.01,6.1795,23.84,2.97,3.3,61.96,0.05
berbera,20241223,10.44,45.01,6.0691,24.22,3.78,4.29,66.11,0.01
berbera,20241224,10.44,45.01,5.7242,24.45,3.88,4.4,71.93,0.34
berbera,20241225,10.44,45.01,5.8622,24.52,4.22,4.78,71.66,0.5
berbera,20241226,10.44,45.01,5.5032,24.33,4.72,5.44,73.54,1.09
berbera,20241227,10.44,45.01,5.8481,24.65,5.31,6.24,72.48,0.0
berbera,20241228,10.44,45.01,4.5007,24.24,4.78,5.57,72.34,0.0
berbera,20241229,10.44,45.01,5.8241,24.02,3.59,4.09,72.34,0.0
berbera,20241230,10.44,45.01,5.4442,23.89,3.09,3.45,74.8,0.0
berbera,20241231,10.44,45.01,6.0211,24.01,2.46,2.69,74.43,0.0
berbera,20250101,10.44,45.01,5.7413,24.05,2.27,2.48,76.16,0.0
berbera,20250102,10.44,45.01,5.9383,24.57,3.87,4.4,73.49,0.0
berbera,20250103,10.44,45.01,5.1482,24.44,5.91,6.86,74.29,0.0
berbera,20250104,10.44,45.01,5.8433,23.89,5.52,6.44,68.02,0.0
berbera,20250105,10.44,45.01,5.9782,23.28,5.33,6.21,68.04,0.0
berbera,20250106,10.44,45.01,5.9671,23.64,5.6,6.46,70.35,0.0
berbera,20250107,10.44,45.01,5.2546,23.96,4.07,4.64,74.18,0.0
berbera,20250108,10.44,45.01,5.5102,23.82,3.09,3.4,73.96,0.0
berbera,20250109,10.44,45.01,5.6938,24.27,4.01,4.6,72.43,0.0
berbera,20250110,10.44,45.01,5.748,24.82,4.88,5.64,73.36,0.0
berbera,20250111,10.44,45.01,5.706,24.56,4.84,5.6,74.15,0.0
berbera,20250112,10.44,45.01,5.639,24.13,4.52,5.17,73.62,0.0
berbera,20250113,10.44,45.01,5.4425,23.91,5.07,5.85,74.08,0.0
berbera,20250114,10.44,45.01,5.855,24.09,5.51,6.49,73.39,0.01
berbera,20250115,10.44,45.01,5.6678,24.02,6.48,7.63,71.03,0.0
berbera,20250116,10.44,45.01,6.0895,23.2,5.46,6.32,68.31,0.0
berbera,20250117,10.44,45.01,6.024,23.04,4.31,4.9,68.44,0.0
berbera,20250118,10.44,45.01,5.9326,22.72,3.41,3.87,70.97,0.0
berbera,20250119,10.44,45.01,5.4475,23.22,4.1,4.74,72.04,0.0
berbera,20250120,10.44,45.01,4.9711,23.44,4.04,4.57,74.0,0.0
berbera,20250121,10.44,45.01,5.4866,23.26,2.91,3.16,71.71,0.0
berbera,20250122,10.44,45.01,6.0094,23.24,4.02,4.57,73.34,0.0
berbera,20250123,10.44,45.01,6.0382,23.65,4.87,5.6,73.12,0.0
berbera,20250124,10.44,45.01,5.9042,23.75,4.98,5.76,72.15,0.0
berbera,20250125,10.44,45.01,5.6105,23.57,4.72,5.49,73.16,0.0
berbera,20250126,10.44,45.01,5.8457,23.63,4.23,4.87,73.26,0.0
berbera,20250127,10.44,45.01,5.9923,23.78,3.3,3.72,74.57,0.0
berbera,20250128,10.44,45.01,6.3194,23.95,3.37,3.75,73.66,0.0
berbera,20250129,10.44,45.01,6.3228,23.84,3.29,3.65,73.42,0.0
berbera,20250130,10.44,45.01,6.0557,23.8,3.12,3.45,73.83,0.0
berbera,20250131,10.44,45.01,6.1464,23.67,3.72,4.2,74.64,3.56
berbera,20250201,10.44,45.01,6.1896,23.75,3.98,4.52,73.81,1.54
berbera,20250202,10.44,45.01,5.7578,23.65,3.69,4.16,75.75,4.07
berbera,20250203,10.44,45.01,6.3017,23.37,5.08,5.87,69.45,1.89
berbera,20250204,10.44,45.01,6.2549,23.13,5.12,5.94,70.78,3.14
berbera,20250205,10.44,45.01,6.127,23.04,4.84,5.52,73.51,0.0
berbera,20250206,10.44,45.01,6.0478,23.64,4.57,5.06,76.46,0.0
berbera,20250207,10.44,45.01,5.8063,24.27,4.13,4.48,76.79,0.0
berbera,20250208,10.44,45.01,6.3305,24.35,2.69,2.89,78.09,0.0
berbera,20250209,10.44,45.01,6.0768,24.27,2.49,2.67,76.64,0.0
berbera,20250210,10.44,45.01,6.1058,24.32,3.86,4.21,74.5,0.0
berbera,20250211,10.44,45.01,5.6664,25.18,5.4,6.12,76.78,0.0
berbera,20250212,10.44,45.01,5.9647,25.44,5.58,6.34,74.96,0.0
berbera,20250213,10.44,45.01,5.6657,25.2,5.0,5.49,77.14,0.0
berbera,20250214,10.44,45.01,5.6796,24.97,4.72,5.27,79.8,0.0
berbera,20250215,10.44,45.01,6.1046,25.01,4.51,5.05,77.2,0.0
berbera,20250216,10.44,45.01,5.9508,24.83,4.19,4.56,78.41,0.0
berbera,20250217,10.44,45.01,6.0734,25.19,4.15,4.53,75.36,0.0
berbera,20250218,10.44,45.01,6.4157,24.76,4.02,4.35,75.09,0.0
berbera,20250219,10.44,45.01,6.3646,25.04,4.24,4.67,75.51,0.0
berbera,20250220,10.44,45.01,6.6106,25.21,3.66,3.96,74.34,0.0
berbera,20250221,10.44,45.01,6.2645,24.87,3.28,3.44,76.28,0.0
berbera,20250222,10.44,45.01,6.4793,25.47,4.28,4.67,74.75,0.0
berbera,20250223,10.44,45.01,6.4709,25.77,3.85,4.24,75.42,0.0
berbera,20250224,10.44,45.01,6.6602,25.95,3.88,4.32,73.72,0.0
berbera,20250225,10.44,45.01,6.2594,25.7,3.34,3.64,75.08,0.38
berbera,20250226,10.44,45.01,6.3893,25.78,3.92,4.31,75.18,0.37
berbera,20250227,10.44,45.01,6.3953,25.86,3.77,4.18,77.46,0.71
berbera,20250228,10.44,45.01,6.697,25.35,3.59,3.96,74.7,0.4
berbera,20250301,10.44,45.01,6.6269,25.58,3.82,4.09,74.59,1.39
berbera,20250302,10.44,45.01,6.6886,25.42,3.23,3.47,76.73,0.21
berbera,20250303,10.44,45.01,6.7469,25.85,5.18,5.84,74.05,0.07
berbera,20250304,10.44,45.01,6.6778,26.1,5.52,6.22,71.23,0.02
berbera,20250305,10.44,45.01,6.702,26.48,5.69,6.55,71.08,0.04
berbera,20250306,10.44,45.01,6.3941,26.56,4.91,5.49,75.58,0.21
berbera,20250307,10.44,45.01,6.3146,26.58,4.37,4.86,76.41,0.2
berbera,20250308,10.44,45.01,6.3418,26.39,4.25,4.59,77.7,0.28
berbera,20250309,10.44,45.01,6.0298,26.7,3.99,4.29,76.69,0.13
berbera,20250310,10.44,45.01,5.9138,26.62,3.57,3.83,78.92,0.57
berbera,20250311,10.44,45.01,6.2726,26.41,3.81,4.16,78.59,1.04
berbera,20250312,10.44,45.01,6.997,26.1,4.08,4.46,76.89,0.82
berbera,20250313,10.44,45.01,6.8191,26.28,3.32,3.64,73.15,0.01
berbera,20250314,10.44,45.01,7.1501,26.21,2.74,3.07,68.89,0.01
berbera,20250315,10.44,45.01,7.265,26.26,3.12,3.47,70.61,0.03
berbera,20250316,10.44,45.01,7.0423,26.8,4.11,4.6,72.42,0.02
berbera,20250317,10.44,45.01,6.6314,27.55,3.84,4.34,72.23,0.32
berbera,20250318,10.44,45.01,6.449,28.02,4.46,5.08,74.04,0.73
berbera,20250319,10.44,45.01,6.1702,27.84,3.65,4.14,75.93,1.19
berbera,20250320,10.44,45.01,6.8098,27.63,3.79,4.16,74.19,0.18
berbera,20250321,10.44,45.01,6.9408,27.74,4.32,4.91,69.13,0.04
berbera,20250322,10.44,45.01,6.8105,27.34,3.75,4.05,72.87,0.13
berbera,20250323,10.44,45.01,6.2851,26.88,2.79,2.86,74.95,0.2
berbera,20250324,10.44,45.01,6.7538,27.04,2.29,2.38,69.26,0.14
berbera,20250325,10.44,45.01,6.6187,27.28,3.17,3.49,72.83,0.14
berbera,20250326,10.44,45.01,6.4846,27.36,4.44,4.92,72.01,0.57
berbera,20250327,10.44,45.01,4.9997,27.39,3.72,4.06,71.26,4.51
berbera,20250328,10.44,45.01,6.1123,27.09,3.79,4.29,67.31,0.03
berbera,20250329,10.44,45.01,7.0193,27.1,4.16,4.62,65.17,0.0
berbera,20250330,10.44,45.01,7.1501,27.27,4.31,4.79,67.25,0.03
berbera,20250331,10.44,45.01,6.9821,27.06,4.18,4.59,72.15,0.86
berbera,20250401,10.44,45.01,7.3085,26.94,4.1,4.53,73.56,0.72
berbera,20250402,10.44,45.01,7.4098,26.65,3.35,3.64,69.27,0.55
berbera,20250403,10.44,45.01,7.5199,26.64,3.48,3.77,67.12,0.14
berbera,20250404,10.44,45.01,7.3879,28.07,4.06,4.64,67.79,0.03
berbera,20250405,10.44,45.01,7.1916,28.34,4.17,4.8,66.21,0.07
berbera,20250406,10.44,45.01,6.9122,28.11,4.11,4.67,68.91,0.0
berbera,20250407,10.44,45.01,6.6698,27.63,3.6,3.92,74.76,0.0
berbera,20250408,10.44,45.01,7.2122,27.38,2.81,3.03,69.19,0.0
berbera,20250409,10.44,45.01,7.5564,27.41,2.94,3.29,65.92,0.0
berbera,20250410,10.44,45.01,7.4174,27.92,3.12,3.49,63.32,0.0
berbera,20250411,10.44,45.01,6.8971,28.37,2.94,3.24,57.92,0.0
berbera,20250412,10.44,45.01,6.744,29.37,2.95,3.21,67.27,0.05
berbera,20250413,10.44,45.01,4.5806,28.79,2.76,2.95,73.76,1.59
berbera,20250414,10.44,45.01,5.5267,28.83,2.03,2.22,71.45,0.98
berbera,20250415,10.44,45.01,5.7538,28.6,2.59,2.76,72.41,0.26
berbera,20250416,10.44,45.01,6.367,28.78,2.9,3.12,73.2,0.0
berbera,20250417,10.44,45.01,6.1963,29.05,3.22,3.46,73.07,0.0
berbera,20250418,10.44,45.01,7.1026,29.33,3.82,4.21,70.72,0.0
berbera,20250419,10.44,45.01,7.0644,29.08,3.84,4.28,65.2,0.0
berbera,20250420,10.44,45.01,7.1364,28.53,3.74,4.03,65.6,0.0
berbera,20250421,10.44,45.01,6.9374,29.32,3.95,4.33,66.17,0.13
berbera,20250422,10.44,45.01,7.1544,29.66,4.06,4.68,60.45,0.01
berbera,20250423,10.44,45.01,7.2922,29.81,3.88,4.56,53.75,0.01
berbera,20250424,10.44,45.01,7.3025,30.25,4.03,4.78,52.94,0.0
berbera,20250425,10.44,45.01,7.1422,30.53,3.03,3.59,52.44,0.0
berbera,20250426,10.44,45.01,7.1748,30.72,3.32,3.74,57.73,0.01
berbera,20250427,10.44,45.01,7.0517,30.63,3.38,3.68,66.97,0.05
berbera,20250428,10.44,45.01,6.6744,30.31,3.45,3.74,68.95,0.09
berbera,20250429,10.44,45.01,6.6763,30.58,3.05,3.42,68.85,0.14
berbera,20250430,10.44,45.01,6.3605,30.69,3.13,3.65,68.11,0.28
berbera,20250501,10.44,45.01,7.0351,30.33,3.15,3.81,68.56,1.17
berbera,20250502,10.44,45.01,6.5659,29.97,3.48,3.85,72.48,1.19
berbera,20250503,10.44,45.01,6.515,29.71,3.5,3.83,72.82,1.21
berbera,20250504,10.44,45.01,6.0576,29.16,1.9,1.92,74.46,2.58
berbera,20250505,10.44,45.01,6.1426,29.74,2.74,3.01,70.38,2.58
berbera,20250506,10.44,45.01,6.0974,29.19,2.71,3.08,73.32,0.81
berbera,20250507,10.44,45.01,6.6223,29.68,2.81,3.21,68.28,0.19
berbera,20250508,10.44,45.01,6.1572,30.13,2.94,3.33,69.0,0.04
berbera,20250509,10.44,45.01,6.581,30.74,3.29,3.78,66.38,0.05
berbera,20250510,10.44,45.01,7.111,30.95,2.34,2.69,58.82,0.01
berbera,20250511,10.44,45.01,7.2346,31.89,2.69,3.15,44.39,0.0
berbera,20250512,10.44,45.01,7.123,32.82,3.69,4.57,45.55,0.0
berbera,20250513,10.44,45.01,6.9146,32.67,4.72,5.73,55.94,0.07
berbera,20250514,10.44,45.01,6.9823,32.31,4.6,5.41,54.4,0.05
berbera,20250515,10.44,45.01,7.0068,32.11,2.99,3.49,53.44,0.03
berbera,20250516,10.44,45.01,6.8515,31.22,2.82,3.14,60.88,0.04
berbera,20250517,10.44,45.01,6.2688,31.27,3.09,3.4,63.22,0.24
berbera,20250518,10.44,45.01,5.9429,31.29,3.01,3.39,63.01,0.11
berbera,20250519,10.44,45.01,7.0618,31.3,2.31,2.5,57.34,0.0
berbera,20250520,10.44,45.01,6.5395,32.16,3.22,3.84,50.76,0.0
berbera,20250521,10.44,45.01,6.7462,33.03,4.79,6.07,52.4,0.37
berbera,20250522,10.44,45.01,6.5441,33.82,5.03,6.5,52.45,0.22
berbera,20250523,10.44,45.01,6.1272,33.94,5.9,7.65,51.71,0.31
berbera,20250524,10.44,45.01,6.1397,33.75,6.54,8.35,47.72,0.02
berbera,20250525,10.44,45.01,6.7322,33.73,7.89,10.15,46.11,0.0
berbera,20250526,10.44,45.01,6.7819,33.73,6.82,8.81,49.06,0.0
berbera,20250527,10.44,45.01,6.8664,33.56,7.35,9.36,49.35,0.0
berbera,20250528,10.44,45.01,5.9762,33.89,6.61,8.57,48.36,0.0
berbera,20250529,10.44,45.01,6.0886,33.59,6.47,8.26,46.72,0.0
berbera,20250530,10.44,45.01,6.7296,33.18,7.09,9.03,47.63,0.0
berbera,20250531,10.44,45.01,6.641,32.79,6.86,8.64,46.32,0.0
berbera,20250601,10.44,45.01,6.5474,32.43,6.52,8.1,50.78,0.03
berbera,20250602,10.44,45.01,6.3497,32.38,5.6,6.77,46.25,0.01
berbera,20250603,10.44,45.01,6.7099,33.13,5.28,6.75,40.23,0.01
berbera,20250604,10.44,45.01,6.7618,33.14,5.63,7.09,50.82,0.01
berbera,20250605,10.44,45.01,6.8604,33.14,5.12,6.52,50.01,0.01
berbera,20250606,10.44,45.01,6.6127,32.84,5.47,6.96,51.4,0.0
berbera,20250607,10.44,45.01,6.9888,33.03,5.95,7.26,52.55,0.0
berbera,20250608,10.44,45.01,7.0236,33.2,5.78,7.12,50.4,0.0
berbera,20250609,10.44,45.01,7.0752,34.02,5.2,6.55,49.37,0.0
berbera,20250610,10.44,45.01,7.1249,33.58,5.38,6.55,49.97,0.0
berbera,20250611,10.44,45.01,6.9029,33.59,5.98,7.3,51.57,0.02
berbera,20250612,10.44,45.01,7.0992,33.02,6.15,7.4,53.69,0.08
berbera,20250613,10.44,45.01,6.6562,33.61,8.11,9.99,52.26,0.27
berbera,20250614,10.44,45.01,5.1312,33.48,8.39,10.33,47.94,0.05
berbera,20250615,10.44,45.01,6.247,33.85,8.79,10.77,46.11,0.0
berbera,20250616,10.44,45.01,6.9958,33.93,9.23,11.33,44.68,0.0
berbera,20250617,10.44,45.01,6.2165,33.5,8.95,11.22,47.4,0.01
berbera,20250618,10.44,45.01,6.5561,33.06,8.47,10.69,47.04,0.0
berbera,20250619,10.44,45.01,6.5669,32.85,7.78,9.99,47.87,0.0
berbera,20250620,10.44,45.01,6.1267,33.09,6.99,9.26,47.99,0.0
berbera,20250621,10.44,45.01,6.2251,32.8,6.74,8.85,47.51,0.0
berbera,20250622,10.44,45.01,6.4846,32.76,7.45,9.78,45.31,0.0
berbera,20250623,10.44,45.01,6.2971,33.13,8.26,10.64,46.75,0.0
berbera,20250624,10.44,45.01,6.7104,33.13,7.66,9.93,46.81,0.0
berbera,20250625,10.44,45.01,6.8945,33.53,7.08,9.11,43.46,0.0
berbera,20250626,10.44,45.01,6.9194,33.35,7.85,10.04,45.71,0.0
berbera,20250627,10.44,45.01,6.5978,33.63,7.36,9.58,45.22,0.0
berbera,20250628,10.44,45.01,6.1598,33.1,8.52,10.94,48.36,0.0
berbera,20250629,10.44,45.01,6.8542,33.06,8.32,10.5,46.23,0.0
berbera,20250630,10.44,45.01,6.6866,33.12,9.15,11.46,44.54,0.04
berbera,20250701,10.44,45.01,6.3329,33.25,8.58,10.8,45.75,0.02
berbera,20250702,10.44,45.01,5.6021,33.25,8.61,10.99,45.42,0.07
berbera,20250703,10.44,45.01,6.295,32.37,8.13,10.67,48.24,0.0
berbera,20250704,10.44,45.01,5.9342,32.63,7.73,10.12,47.34,0.02
berbera,20250705,10.44,45.01,6.5081,32.85,8.08,10.4,46.44,0.0
berbera,20250706,10.44,45.01,6.2213,33.01,7.7,9.92,46.17,0.0
berbera,20250707,10.44,45.01,6.3403,32.98,8.51,10.76,48.04,0.0
berbera,20250708,10.44,45.01,4.9013,33.06,9.16,11.59,45.54,0.0
berbera,20250709,10.44,45.01,6.3876,32.87,8.38,10.74,46.38,0.0
berbera,20250710,10.44,45.01,6.6058,32.34,7.86,10.14,45.99,0.21
berbera,20250711,10.44,45.01,5.4281,32.61,8.93,11.42,47.9,0.3
berbera,20250712,10.44,45.01,6.4121,32.16,6.68,8.81,51.97,0.14
berbera,20250713,10.44,45.01,6.5566,32.53,6.62,8.89,50.24,0.02
berbera,20250714,10.44,45.01,6.5426,32.96,8.39,10.83,46.12,0.17
berbera,20250715,10.44,45.01,6.9151,33.12,8.38,10.8,45.22,0.0
berbera,20250716,10.44,45.01,4.0411,32.83,7.84,10.4,47.97,0.22
berbera,20250717,10.44,45.01,5.9189,32.36,7.11,9.66,50.2,0.15
berbera,20250718,10.44,45.01,5.9844,32.81,7.0,9.28,46.89,0.27
berbera,20250719,10.44,45.01,6.2273,32.74,8.5,11.07,48.39,0.05
berbera,20250720,10.44,45.01,5.8598,32.28,7.82,10.41,52.59,0.2
berbera,20250721,10.44,45.01,6.409,32.63,7.91,10.29,47.94,0.0
berbera,20250722,10.44,45.01,6.4046,32.87,8.63,10.93,47.76,0.09
berbera,20250723,10.44,45.01,6.3898,32.94,8.85,11.33,45.72,0.03
berbera,20250724,10.44,45.01,6.2774,33.06,9.02,11.56,47.72,0.05
berbera,20250725,10.44,45.01,6.7764,33.04,9.9,12.24,44.25,0.02
berbera,20250726,10.44,45.01,6.8182,33.32,9.36,11.75,43.88,0.02
berbera,20250727,10.44,45.01,6.3811,32.61,8.79,11.29,46.81,0.02
berbera,20250728,10.44,45.01,5.1142,32.31,9.69,12.32,47.08,0.25
berbera,20250729,10.44,45.01,4.7496,32.08,10.53,13.35,46.78,0.15
berbera,20250730,10.44,45.01,6.5083,32.53,8.82,11.38,43.05,0.03
berbera,20250731,10.44,45.01,6.4822,32.65,8.43,11.26,46.24,0.06
berbera,20250801,10.44,45.01,4.9409,32.77,9.68,12.49,46.39,0.86
berbera,20250802,10.44,45.01,6.0026,32.27,7.86,10.24,49.58,0.35
berbera,20250803,10.44,45.01,5.7055,32.22,8.06,10.52,50.51,0.18
berbera,20250804,10.44,45.01,5.892,31.68,7.23,9.38,54.09,1.03
berbera,20250805,10.44,45.01,4.7208,31.58,7.69,9.85,51.48,0.19
berbera,20250806,10.44,45.01,5.4274,32.0,8.49,10.75,48.45,0.32
berbera,20250807,10.44,45.01,6.299,32.11,6.98,8.82,50.47,0.14
berbera,20250808,10.44,45.01,6.6101,32.43,7.8,9.79,49.74,0.21
berbera,20250809,10.44,45.01,5.9323,32.27,6.94,8.75,49.72,0.01
berbera,20250810,10.44,45.01,6.2489,32.63,6.42,8.24,48.65,0.02
berbera,20250811,10.44,45.01,6.5671,32.67,7.19,9.09,49.63,0.01
berbera,20250812,10.44,45.01,6.4608,32.65,7.39,9.27,48.58,0.01
berbera,20250813,10.44,45.01,6.4658,33.08,6.44,8.19,46.83,0.0
berbera,20250814,10.44,45.01,6.413,33.04,6.69,8.63,47.05,0.22
berbera,20250815,10.44,45.01,6.576,32.58,6.43,8.43,51.08,0.09
berbera,20250816,10.44,45.01,6.455,32.67,6.76,8.95,52.13,0.23
berbera,20250817,10.44,45.01,5.3342,32.42,7.79,10.07,53.98,1.48
berbera,20250818,10.44,45.01,4.5331,31.4,7.75,9.78,57.77,0.63
berbera,20250819,10.44,45.01,4.8029,29.96,7.21,8.79,58.4,1.82
berbera,20250820,10.44,45.01,5.4014,30.79,8.09,10.29,53.93,0.23
berbera,20250821,10.44,45.01,4.7794,30.09,7.85,9.67,53.83,0.88
berbera,20250822,10.44,45.01,4.8602,31.15,9.9,12.34,49.95,0.03
berbera,20250823,10.44,45.01,5.2634,31.47,7.65,9.64,49.09,0.03
berbera,20250824,10.44,45.01,6.2302,31.22,6.39,8.05,50.62,0.1
berbera,20250825,10.44,45.01,7.1189,31.61,5.1,6.61,53.92,0.16
berbera,20250826,10.44,45.01,6.1502,31.45,6.54,8.41,59.54,9.28
berbera,20250827,10.44,45.01,5.9743,30.84,7.29,9.21,61.36,2.18
berbera,20250828,10.44,45.01,6.7286,31.42,6.79,8.73,55.69,0.34
berbera,20250829,10.44,45.01,6.5261,31.5,5.88,7.78,56.47,0.48
berbera,20250830,10.44,45.01,6.6022,31.15,6.55,8.33,59.85,1.27
berbera,20250831,10.44,45.01,6.3883,31.77,6.98,8.77,52.86,0.04
berbera,20250901,10.44,45.01,5.8538,32.16,8.03,10.11,49.64,0.38
berbera,20250902,10.44,45.01,5.8092,32.06,7.33,9.51,52.11,0.32
berbera,20250903,10.44,45.01,6.5102,32.37,7.11,9.11,48.71,0.0
berbera,20250904,10.44,45.01,6.3816,32.28,5.56,7.23,51.12,0.0
berbera,20250905,10.44,45.01,6.2153,32.1,4.9,6.54,52.86,0.0
berbera,20250906,10.44,45.01,6.5122,32.3,5.04,6.67,52.01,0.0
berbera,20250907,10.44,45.01,6.6029,33.12,6.19,7.94,47.48,0.0
berbera,20250908,10.44,45.01,6.2678,33.18,6.06,7.9,47.85,0.07
berbera,20250909,10.44,45.01,6.1241,33.1,5.38,7.08,50.52,0.84
berbera,20250910,10.44,45.01,5.7394,32.53,6.23,7.98,54.09,1.31
berbera,20250911,10.44,45.01,6.617,32.17,5.66,7.03,54.75,0.81
berbera,20250912,10.44,45.01,6.5506,32.26,5.26,6.49,54.82,0.32
berbera,20250913,10.44,45.01,5.6268,32.24,4.97,6.35,58.1,0.26
berbera,20250914,10.44,45.01,6.0902,32.56,3.37,4.35,54.41,0.04
berbera,20250915,10.44,45.01,6.505,32.73,3.53,4.52,51.95,0.0
berbera,20250916,10.44,45.01,6.6041,32.74,3.56,4.42,54.54,0.01
berbera,20250917,10.44,45.01,6.4044,32.64,3.79,4.66,55.24,0.03
berbera,20250918,10.44,45.01,5.825,32.39,3.6,4.3,57.64,1.21
berbera,20250919,10.44,45.01,5.4689,31.82,4.19,4.92,59.03,2.16
berbera,20250920,10.44,45.01,6.3732,32.1,4.76,5.66,55.86,0.8
berbera,20250921,10.44,45.01,6.7375,32.51,5.08,6.09,49.38,0.1
berbera,20250922,10.44,45.01,6.4229,32.77,4.16,5.14,50.18,0.24
berbera,20250923,10.44,45.01,5.1605,32.54,5.13,6.41,55.28,0.17
berbera,20250924,10.44,45.01,6.365,31.98,3.65,4.59,56.43,2.56
berbera,20250925,10.44,45.01,6.3264,32.42,3.43,4.37,54.54,0.02
berbera,20250926,10.44,45.01,6.4181,32.83,4.08,4.9,51.02,0.01
berbera,20250927,10.44,45.01,6.4123,32.34,4.4,5.24,58.0,0.37
berbera,20250928,10.44,45.01,4.9764,30.0,4.46,5.19,73.07,26.2
berbera,20250929,10.44,45.01,6.3818,30.87,3.01,3.47,55.57,0.78
berbera,20250930,10.44,45.01,6.4229,32.08,2.83,3.24,46.63,0.07
berbera,20251001,10.44,45.01,6.5741,32.39,3.62,4.44,47.8,0.25
berbera,20251002,10.44,45.01,6.4716,32.03,3.55,4.26,52.0,2.34
berbera,20251003,10.44,45.01,6.2006,31.48,2.92,3.44,56.87,0.03
berbera,20251004,10.44,45.01,6.1478,30.51,2.3,2.43,60.59,0.09
berbera,20251005,10.44,45.01,6.4152,30.33,3.11,3.57,58.16,0.3
berbera,20251006,10.44,45.01,5.4434,31.23,3.83,4.41,52.73,0.07
berbera,20251007,10.44,45.01,5.8692,31.68,3.56,4.06,56.82,0.05
berbera,20251008,10.44,45.01,5.4319,31.5,2.56,3.05,56.86,1.25
berbera,20251009,10.44,45.01,5.652,30.72,3.07,3.33,62.0,0.43
berbera,20251010,10.44,45.01,5.0844,30.28,2.69,2.88,64.88,0.34
berbera,20251011,10.44,45.01,5.6952,29.66,2.93,3.11,68.99,0.58
berbera,20251012,10.44,45.01,6.0473,29.59,3.65,4.01,66.86,0.16
berbera,20251013,10.44,45.01,6.335,29.61,3.64,3.95,64.32,0.37
berbera,20251014,10.44,45.01,6.4685,29.21,3.17,3.42,64.0,0.28
berbera,20251015,10.44,45.01,6.6151,28.95,3.34,3.65,65.28,0.14
berbera,20251016,10.44,45.01,6.468,29.24,2.9,3.15,61.61,0.13
berbera,20251017,10.44,45.01,6.4306,29.32,2.81,3.09,62.01,0.23
berbera,20251018,10.44,45.01,6.1325,29.38,3.35,3.66,61.56,0.0
berbera,20251019,10.44,45.01,6.0984,29.19,2.52,2.69,61.42,0.0
berbera,20251020,10.44,45.01,6.0984,29.01,2.73,2.96,64.31,0.0
berbera,20251021,10.44,45.01,6.431,29.1,3.68,4.1,63.49,0.0
berbera,20251022,10.44,45.01,6.5129,28.82,2.94,3.27,60.21,0.0
berbera,20251023,10.44,45.01,6.0689,29.3,3.02,3.35,57.2,0.07
berbera,20251024,10.44,45.01,5.5512,29.29,3.36,3.77,58.52,0.26
berbera,20251025,10.44,45.01,6.3806,29.32,2.93,3.25,53.66,0.0
berbera,20251026,10.44,45.01,6.3938,29.13,2.77,3.04,58.19,0.0
berbera,20251027,10.44,45.01,6.3874,29.26,3.19,3.57,56.88,0.0
berbera,20251028,10.44,45.01,6.7363,29.08,3.19,3.6,51.71,0.0
berbera,20251029,10.44,45.01,6.6358,28.87,3.01,3.35,47.8,0.0
berbera,20251030,10.44,45.01,6.6698,28.98,3.35,3.77,50.34,0.0
berbera,20251031,10.44,45.01,6.5878,28.84,3.49,3.93,49.41,0.0
berbera,20251101,10.44,45.01,6.6149,28.68,3.18,3.53,52.29,0.0
berbera,20251102,10.44,45.01,6.5453,28.13,3.18,3.6,57.84,0.0
berbera,20251103,10.44,45.01,6.6211,27.93,3.48,3.94,56.35,0.0
berbera,20251104,10.44,45.01,6.5374,28.01,3.37,3.83,53.49,0.0
berbera,20251105,10.44,45.01,6.4034,28.1,3.21,3.56,57.75,0.0
berbera,20251106,10.44,45.01,6.3799,27.78,3.45,3.82,61.91,0.0
berbera,20251107,10.44,45.01,6.54,27.09,4.7,5.39,60.43,0.01
berbera,20251108,10.44,45.01,6.3708,26.36,5.08,5.92,60.86,0.0
berbera,20251109,10.44,45.01,6.2323,25.91,3.75,4.24,67.91,0.01
berbera,20251110,10.44,45.01,6.2993,25.86,3.59,3.99,69.02,0.03
berbera,20251111,10.44,45.01,6.3415,25.8,3.72,4.17,66.0,0.0
berbera,20251112,10.44,45.01,6.3478,25.61,4.18,4.76,68.94,0.02
berbera,20251113,10.44,45.01,6.3725,25.53,4.3,4.93,67.6,0.06
berbera,20251114,10.44,45.01,6.4037,25.21,3.63,4.05,72.38,0.01
berbera,20251115,10.44,45.01,6.3324,25.36,4.15,4.63,72.61,0.06
berbera,20251116,10.44,45.01,6.1586,26.14,4.62,5.1,74.95,0.38
berbera,20251117,10.44,45.01,6.0218,26.28,4.04,4.62,74.85,0.0
berbera,20251118,10.44,45.01,5.5826,26.2,4.01,4.49,73.6,0.0
berbera,20251119,10.44,45.01,5.9582,25.75,4.02,4.53,69.53,0.0
berbera,20251120,10.44,45.01,5.9261,25.62,3.54,3.96,66.51,0.0
berbera,20251121,10.44,45.01,6.0031,25.44,3.77,4.28,65.62,0.0
berbera,20251122,10.44,45.01,5.8771,25.09,3.51,3.94,69.25,0.0
berbera,20251123,10.44,45.01,6.0386,25.47,3.47,3.87,67.35,0.0
berbera,20251124,10.44,45.01,5.9765,25.47,3.7,4.2,68.35,0.0
berbera,20251125,10.44,45.01,6.0302,25.33,4.1,4.62,70.62,0.0
berbera,20251126,10.44,45.01,6.0283,25.17,4.02,4.49,69.35,0.0
berbera,20251127,10.44,45.01,5.9539,24.85,4.02,4.51,71.47,0.0
berbera,20251128,10.44,45.01,5.6928,25.06,4.45,5.11,71.04,0.0
berbera,20251129,10.44,45.01,5.939,24.62,4.53,5.21,72.12,0.0
berbera,20251130,10.44,45.01,6.0072,24.71,4.8,5.53,66.89,0.0
berbera,20251201,10.44,45.01,6.2237,24.36,4.97,5.81,65.5,0.0
berbera,20251202,10.44,45.01,5.6621,24.44,4.33,4.96,65.3,0.0
berbera,20251203,10.44,45.01,6.0036,24.39,4.43,4.99,70.2,0.01
berbera,20251204,10.44,45.01,6.0206,24.51,4.03,4.54,71.75,0.02
berbera,20251205,10.44,45.01,5.3964,24.99,4.19,4.69,73.36,0.03
berbera,20251206,10.44,45.01,6.0586,24.88,4.4,4.99,72.98,0.01
berbera,20251207,10.44,45.01,5.9947,24.89,4.49,5.17,73.76,0.01
berbera,20251208,10.44,45.01,5.2898,24.84,4.29,4.89,73.96,0.01
berbera,20251209,10.44,45.01,5.8464,24.9,3.91,4.42,74.04,0.01
berbera,20251210,10.44,45.01,5.6846,24.94,3.86,4.25,74.59,0.01
berbera,20251211,10.44,45.01,5.0114,25.4,3.91,4.39,77.68,0.04
berbera,20251212,10.44,45.01,5.5147,24.83,3.48,3.9,76.76,1.18
berbera,20251213,10.44,45.01,5.8039,24.64,2.6,2.79,72.71,0.12
berbera,20251214,10.44,45.01,5.8399,24.84,3.55,3.91,73.82,0.05
berbera,20251215,10.44,45.01,5.5322,24.76,3.95,4.45,73.42,0.26
berbera,20251216,10.44,45.01,5.5344,25.03,3.15,3.32,72.09,0.24
berbera,20251217,10.44,45.01,5.37,25.53,3.58,3.86,77.47,0.23
berbera,20251218,10.44,45.01,3.99,25.92,3.65,3.95,79.47,0.51
berbera,20251219,10.44,45.01,5.0582,25.4,2.81,3.02,80.98,1.06
berbera,20251220,10.44,45.01,3.907,25.47,4.69,5.22,80.35,1.77
berbera,20251221,10.44,45.01,5.0203,25.49,7.36,8.44,76.63,1.27
berbera,20251222,10.44,45.01,5.7689,24.6,6.1,7.09,71.42,0.03
berbera,20251223,10.44,45.01,5.8322,24.24,4.82,5.64,73.52,0.1
berbera,20251224,10.44,45.01,4.9351,24.75,4.6,5.36,76.29,0.22
berbera,20251225,10.44,45.01,5.6794,24.25,4.09,4.7,73.55,0.04
berbera,20251226,10.44,45.01,5.8946,23.82,4.25,4.85,69.16,0.01
berbera,20251227,10.44,45.01,5.7847,24.07,3.82,4.14,72.08,0.0
berbera,20251228,10.44,45.01,5.2762,24.59,3.41,3.64,76.23,0.0
berbera,20251229,10.44,45.01,5.7504,24.88,2.51,2.59,74.32,0.0
berbera,20251230,10.44,45.01,5.4312,25.08,1.9,1.96,74.5,0.0
berbera,20251231,10.44,45.01,4.1623,25.05,3.2,3.54,77.22,0.0
